

Cliente #7 teve seu cabelo cortado pelo barbeiro #1! Duracao do corte: 0.45ms ---

Vetor nao ordenado enviado pelo cliente para o barbeiro:
[912] [866] [1009] [776] [802] [889] [798] [954] [1006] [858] [902] [775] [869] [997] [957] [773] [936] [859] [939] [944] [788] [1007] [843] [954] [674] [712] [627] [552] [696] [747] [735] [702] [746] [637] [733] [667] [754] [680] [515] [630] [595] [644] [766] [646] [660] [610] [640] [752] [744] [590] [573] [520] [699] [372] [389] [384] [441] [302] [451] [488] [264] [285] [472] [416] [276] [420] [411] [360] [341] [318] [296] [384] [360] [447] [259] [343] [332] [20] [212] [0] [173] [80] [189] [101] [211] [7] [76] [144] [198] [60] [97] [62] [111] [134] [40] [172] [87] [219] [244] [217] [203] [145] [188] [178] [57] [71] [99] [70] [254] 

Vetor recebido do cliente e ordenado pelo barbeiro:
[980] [959] [958] [955] [912] [896] [889] [884] [883] [829] [814] [776] [775] [771] [768] [768] [768] [768] [768] [768] [768] [768] [768] [768] [753] [752] [750] [744] [712] [698] [680] [667] [667] [616] [610] [602] [588] [552] [542] [541] [532] [517] [515] [512] [512] [512] [512] [512] [512] [512] [512] [512] [512] [491] [488] [479] [451] [442] [440] [420] [389] [388] [347] [331] [296] [290] [276] [264] [256] [256] [256] [256] [256] [256] [256] [256] [256] [254] [242] [239] [234] [229] [221] [216] [189] [185] [176] [171] [168] [162] [160] [148] [134] [134] [128] [128] [125] [118] [104] [101] [98] [87] [85] [83] [78] [62] [20] [8] [0] ----- Cliente #5 foi embora, nenhum assento disponivel -----
----- Cliente #8 foi embora, nenhum assento disponivel -----
----- Cliente #9 foi embora, nenhum assento disponivel -----
----- Cliente #14 foi embora, nenhum assento disponivel -----
----- Cliente #10 foi embora, nenhum assento disponivel -----
----- Cliente #1 foi embora, nenhum assento disponivel -----
----- Cliente #15 foi embora, nenhum assento disponivel -----
----- Cliente #16 foi embora, nenhum assento disponivel -----
----- Cliente #17 foi embora, nenhum assento disponivel -----
----- Cliente #18 foi embora, nenhum assento disponivel -----
----- Cliente #19 foi embora, nenhum assento disponivel -----
----- Cliente #20 foi embora, nenhum assento disponivel -----


Cliente #13 teve seu cabelo cortado pelo barbeiro #2! Duracao do corte: -969.78ms ---

Vetor nao ordenado enviado pelo cliente para o barbeiro:
[987] [864] [852] [916] [1009] [838] [981] [789] [940] [784] [832] [948] [934] [826] [830] [949] [1020] [878] [841] [922] [828] [773] [916] [888] [933] [832] [953] [873] [952] [962] [1013] [954] [866] [953] [977] [905] [998] [921] [839] [818] [840] [831] [924] [774] [872] [1019] [871] [862] [910] [977] [893] [983] [908] [966] [857] [965] [1011] [856] [935] [884] [990] [804] [847] [1015] [992] [789] [892] [883] [882] [812] [806] [897] [1013] [911] [927] [865] [889] [976] [871] [784] [877] [896] [862] [804] [803] [964] [886] [890] [878] [859] [866] [976] [904] [915] [904] [799] [943] [844] [833] [849] [831] [902] [908] [921] [893] [999] [795] [964] [813] [944] [933] [924] [945] [798] [796] [786] [567] [552] [767] [652] [686] [518] [583] [751] [666] [557] [729] [670] [543] [660] [603] [588] [754] [618] [570] [702] [523] [605] [765] [603] [734] [736] [597] [697] [531] [690] [530] [698] [536] [741] [727] [733] [674] [704] [712] [521] [587] [536] [546] [567] [600] [714] [652] [703] [516] [653] [536] [765] [750] [703] [564] [536] [750] [608] [725] [538] [567] [715] [717] [591] [724] [755] [536] [569] [605] [730] [610] [628] [576] [524] [597] [726] [640] [745] [580] [542] [732] [673] [759] [723] [675] [570] [657] [683] [733] [517] [577] [703] [518] [581] [553] [570] [527] [665] [723] [707] [648] [721] [677] [565] [688] [582] [675] [635] [618] [543] [473] [329] [358] [431] [390] [495] [257] [355] [496] [472] [393] [407] [355] [350] [285] [359] [507] [355] [353] [341] [354] [346] [388] [463] [286] [272] [293] [286] [434] [439] [316] [337] [278] [369] [373] [419] [304] [445] [334] [485] [373] [273] [397] [447] [385] [383] [467] [409] [371] [447] [318] [413] [346] [476] [344] [415] [338] [383] [365] [352] [398] [416] [420] [267] [461] [426] [321] [283] [416] [313] [317] [287] [409] [372] [304] [460] [341] [379] [363] [379] [399] [444] [426] [303] [373] [305] [462] [500] [437] [365] [371] [466] [257] [467] [430] [305] [310] [384] [409] [314] [256] [352] [362] [306] [294] [396] [267] [355] [324] [481] [303] [387] [467] [340] [12] [41] [28] [108] [85] [23] [175] [210] [204] [44] [87] [101] [145] [115] [239] [223] [145] [110] [190] [50] [245] [62] [191] [72] [46] [157] [47] [149] [13] [181] [255] [181] [148] [43] [69] [228] [51] [39] [195] [172] [195] [184] [100] [246] [2] [103] [141] [186] [227] [246] [196] [212] [242] [30] [41] [82] [244] [179] [29] [191] [56] [39] [225] [38] [251] [1] [13] [106] [94] [8] [1] [236] [223] [62] [28] [42] [8] [125] [216] [134] [118] [32] [15] [189] [161] [202] [232] [80] [3] [213] [165] [60] [199] [80] [119] [92] [245] [207] [16] [217] [149] 

Vetor recebido do cliente e ordenado pelo barbeiro:
[1023] [1019] [1013] [1012] [1011] [1009] [1008] [1007] [1007] [1006] [999] [997] [997] [990] [986] [982] [979] [979] [977] [976] [975] [973] [973] [972] [970] [963] [960] [960] [954] [951] [951] [951] [949] [940] [938] [933] [927] [921] [911] [910] [908] [904] [904] [902] [902] [896] [896] [889] [886] [886] [885] [885] [877] [871] [867] [866] [865] [864] [861] [859] [857] [856] [853] [850] [849] [849] [847] [844] [844] [843] [841] [839] [833] [831] [830] [828] [828] [826] [825] [823] [822] [821] [817] [815] [814] [809] [799] [798] [798] [798] [796] [792] [792] [792] [790] [789] [783] [779] [774] [773] [770] [768] [768] [768] [768] [768] [768] [768] [768] [768] [768] [768] [768] [768] [768] [768] [765] [765] [763] [757] [755] [754] [752] [752] [736] [734] [732] [731] [728] [724] [715] [708] [704] [703] [702] [700] [698] [697] [697] [697] [695] [695] [692] [690] [690] [687] [686] [686] [678] [677] [676] [675] [671] [670] [669] [668] [666] [665] [665] [641] [641] [639] [636] [635] [630] [629] [628] [621] [616] [608] [606] [605] [602] [597] [597] [590] [588] [585] [581] [580] [576] [574] [560] [557] [557] [556] [554] [549] [548] [547] [546] [543] [542] [538] [533] [530] [521] [520] [518] [517] [515] [514] [514] [513] [512] [512] [512] [512] [512] [512] [512] [512] [512] [512] [512] [512] [512] [512] [512] [512] [512] [512] [512] [512] [512] [512] [508] [508] [508] [507] [507] [507] [506] [497] [497] [489] [486] [480] [477] [477] [476] [469] [469] [467] [465] [465] [462] [454] [452] [447] [439] [437] [433] [432] [431] [421] [419] [419] [412] [410] [409] [409] [404] [404] [403] [401] [399] [397] [396] [393] [388] [384] [383] [381] [379] [378] [376] [374] [372] [372] [371] [371] [366] [366] [362] [362] [359] [358] [355] [354] [354] [353] [350] [346] [346] [344] [335] [328] [327] [326] [326] [321] [320] [319] [314] [314] [314] [314] [313] [308] [305] [292] [289] [287] [286] [285] [282] [280] [273] [272] [268] [267] [264] [262] [260] [257] [256] [256] [256] [256] [256] [256] [256] [256] [256] [256] [256] [256] [256] [256] [252] [251] [251] [247] [247] [241] [240] [238] [217] [217] [215] [215] [211] [210] [208] [200] [197] [194] [192] [191] [191] [191] [189] [184] [183] [183] [183] [176] [176] [171] [170] [167] [162] [161] [160] [160] [153] [151] [148] [142] [141] [140] [140] [137] [136] [125] [123] [115] [114] [113] [109] [107] [105] [103] [99] [98] [96] [94] [91] [91] [88] [85] [84] [76] [65] [64] [64] [61] [55] [55] [50] [48] [42] [40] [38] [31] [30] [28] [27] [27] [27] [27] [24] [19] [18] [16] [16] [0] [0] [0] [0] [0] [0] [0] [0] [0] [0] [0] [0] [0] [0] 

Cliente #6 teve seu cabelo cortado pelo barbeiro #2! Duracao do corte: 18.64ms ---

Vetor nao ordenado enviado pelo cliente para o barbeiro:
[939] [859] [987] [953] [996] [842] [888] [825] [929] [904] [802] [781] [876] [805] [980] [960] [817] [859] [866] [836] [901] [849] [802] [962] [996] [928] [803] [949] [859] [782] [972] [936] [1021] [881] [821] [995] [884] [802] [925] [887] [999] [997] [938] [880] [778] [900] [985] [877] [850] [891] [909] [989] [812] [843] [1013] [889] [980] [857] [844] [951] [953] [813] [1016] [802] [1021] [774] [910] [796] [920] [807] [970] [802] [911] [980] [800] [828] [900] [837] [855] [1007] [857] [934] [980] [890] [769] [963] [815] [896] [963] [852] [816] [890] [894] [788] [858] [834] [830] [994] [947] [941] [989] [805] [1015] [989] [925] [826] [801] [824] [998] [1007] [776] [782] [777] [875] [772] [1003] [958] [955] [967] [842] [815] [1010] [772] [792] [860] [952] [801] [850] [1017] [918] [779] [777] [873] [908] [826] [1007] [887] [973] [956] [922] [801] [839] [1018] [834] [830] [931] [985] [994] [986] [813] [957] [987] [827] [813] [815] [821] [803] [773] [860] [950] [867] [830] [1012] [818] [775] [954] [902] [981] [898] [777] [795] [960] [929] [975] [868] [959] [825] [881] [814] [875] [908] [959] [868] [834] [799] [803] [854] [956] [915] [950] [1012] [796] [838] [828] [1014] [970] [785] [945] [844] [805] [897] [814] [844] [1014] [778] [927] [946] [888] [965] [852] [860] [834] [914] [993] [1008] [994] [863] [946] [806] [925] [901] [777] [988] [798] [825] [863] [1023] [940] [968] [878] [785] [826] [816] [822] [794] [1006] [992] [824] [905] [847] [787] [977] [984] [832] [823] [892] [949] [831] [1021] [910] [826] [1020] [953] [775] [929] [866] [667] [740] [649] [585] [766] [640] [764] [679] [721] [707] [730] [635] [569] [629] [565] [702] [614] [520] [532] [652] [624] [577] [750] [601] [638] [705] [755] [699] [740] [648] [692] [601] [551] [610] [604] [529] [700] [514] [742] [525] [694] [578] [551] [574] [601] [721] [685] [659] [609] [746] [729] [661] [757] [734] [622] [555] [530] [573] [723] [634] [708] [708] [665] [677] [763] [755] [599] [760] [617] [765] [672] [742] [514] [631] [540] [553] [616] [700] [552] [629] [748] [544] [584] [744] [689] [617] [593] [692] [711] [612] [672] [578] [618] [531] [682] [646] [699] [618] [633] [745] [621] [703] [742] [653] [577] [573] [621] [689] [558] [717] [552] [602] [708] [745] [599] [581] [641] [641] [603] [719] [599] [662] [716] [729] [714] [655] [744] [760] [535] [628] [700] [668] [571] [576] [737] [732] [606] [623] [674] [682] [685] [681] [737] [622] [565] [512] [727] [763] [514] [563] [599] [595] [567] [649] [620] [602] [583] [730] [588] [632] [740] [694] [587] [647] [681] [741] [636] [649] [520] [571] [749] [751] [544] [716] [582] [754] [641] [736] [706] [602] [587] [732] [609] [650] [605] [607] [721] [759] [528] [716] [763] [705] [607] [661] [548] [624] [544] [737] [544] [687] [545] [543] [654] [541] [651] [716] [647] [756] [730] [753] [706] [638] [675] [557] [704] [686] [577] [606] [551] [598] [618] [624] [748] [717] [629] [678] [643] [601] [613] [537] [759] [541] [564] [652] [645] [547] [612] [669] [685] [543] [299] [436] [402] [510] [388] [403] [260] [278] [424] [324] [368] [340] [305] [394] [356] [415] [373] [291] [458] [476] [421] [469] [435] [358] [434] [489] [505] [402] [334] [304] [509] [272] [475] [422] [307] [325] [316] [337] [498] [266] [488] [370] [438] [306] [479] [501] [502] [275] [262] [438] [495] [424] [313] [377] [421] [491] [377] [291] [502] [419] [284] [284] [339] [450] [404] [445] [469] [260] [488] [388] [373] [481] [502] [316] [480] [265] [328] [262] [441] [476] [387] [324] [263] [276] [283] [298] [279] [460] [440] [344] [474] [329] [509] [292] [289] [276] [300] [484] [482] [468] [303] [387] [258] [456] [286] [314] [423] [376] [403] [271] [382] [457] [402] [322] [383] [457] [309] [431] [394] [392] [284] [498] [464] [476] [265] [446] [355] [325] [408] [303] [505] [299] [405] [493] [508] [383] [382] [486] [470] [418] [477] [335] [342] [358] [352] [368] [300] [405] [390] [469] [341] [483] [489] [390] [438] [383] [373] [313] [326] [316] [348] [291] [485] [256] [358] [274] [369] [371] [300] [274] [475] [383] [453] [268] [293] [375] [384] [275] [458] [301] [441] [335] [489] [263] [428] [257] [316] [318] [274] [493] [292] [388] [495] [469] [440] [287] [271] [506] [470] [264] [454] [337] [326] [408] [362] [457] [418] [379] [426] [340] [487] [302] [410] [420] [267] [367] [508] [281] [424] [477] [293] [367] [356] [398] [222] [69] [204] [54] [70] [68] [100] [34] [214] [37] [151] [15] [157] [121] [181] [174] [126] [17] [54] [114] [199] [114] [43] [248] [250] [92] [37] [0] [254] [183] [7] [219] [107] [151] [148] [104] [190] [161] [170] [104] [100] [200] [94] [84] [112] [179] [231] [253] [154] [153] [32] [35] [166] [154] [118] [93] [176] [140] [110] [156] [188] [99] [20] [213] [232] [225] [244] [186] [97] [119] [38] [151] [117] [30] [121] [124] [141] [137] [181] [242] [109] [97] [41] [141] [177] [44] [136] [56] [197] [244] [151] [214] [81] [194] [32] [51] [14] [217] [186] [61] [91] [246] [130] [185] [227] [250] [22] [6] [164] [94] [230] [200] [24] [218] [77] [17] [205] [242] [168] [36] [158] [64] [94] [155] [202] [140] [255] [183] [219] [72] [108] [33] [116] [176] [107] [172] [79] [158] [78] [138] [178] [230] [38] [57] [107] [221] [141] [75] [114] [40] [238] [115] [223] [126] [227] [72] [55] [197] [77] [96] [253] [102] [42] [102] [149] [2] [123] [209] [229] [67] [53] [186] [66] [163] [190] [39] [184] [57] [161] [230] [4] [142] [231] [3] [221] [133] [185] [104] [61] [162] [23] [147] [44] [134] [84] [100] [49] [142] [153] [231] [102] [72] [136] [67] [191] [196] [58] [91] [163] [75] [30] [196] [205] [64] [19] [68] [63] [41] [6] [249] [76] [100] [253] [204] [30] [162] [70] [75] [102] [72] [155] [189] [154] [98] [249] [7] [76] [195] [58] [77] [105] [183] [14] [184] [107] [192] [1] [61] [209] [232] [35] [246] [212] 

Vetor recebido do cliente e ordenado pelo barbeiro:
[1022] [1021] [1020] [1020] [1020] [1020] [1020] [1020] [1019] [1019] [1019] [1019] [1019] [1019] [1018] [1018] [1018] [1018] [1016] [1014] [1011] [1003] [1001] [1000] [998] [996] [996] [993] [990] [989] [988] [988] [985] [985] [985] [980] [978] [977] [976] [973] [973] [970] [969] [969] [968] [964] [962] [960] [960] [960] [959] [959] [959] [959] [959] [956] [956] [952] [951] [951] [951] [951] [951] [951] [951] [951] [951] [951] [951] [951] [951] [951] [951] [945] [941] [941] [941] [941] [941] [938] [938] [938] [931] [930] [929] [927] [924] [922] [920] [919] [915] [914] [913] [911] [911] [910] [909] [908] [905] [903] [902] [902] [899] [899] [898] [897] [897] [897] [896] [895] [891] [891] [890] [890] [889] [889] [882] [880] [879] [873] [867] [863] [862] [862] [860] [860] [860] [859] [857] [852] [850] [849] [844] [844] [842] [838] [837] [836] [834] [832] [832] [831] [830] [829] [828] [828] [827] [826] [825] [823] [821] [820] [816] [816] [815] [815] [813] [810] [809] [807] [805] [804] [802] [801] [801] [800] [800] [798] [798] [796] [796] [795] [794] [785] [784] [781] [781] [780] [777] [777] [776] [775] [775] [771] [771] [771] [769] [768] [768] [768] [768] [768] [768] [768] [768] [768] [768] [768] [768] [768] [768] [768] [768] [768] [768] [768] [768] [768] [768] [768] [768] [768] [768] [768] [768] [768] [768] [768] [768] [768] [768] [768] [768] [768] [768] [768] [768] [768] [768] [768] [768] [768] [768] [768] [768] [768] [768] [768] [768] [768] [768] [768] [768] [768] [768] [768] [768] [768] [768] [768] [768] [768] [768] [768] [768] [768] [767] [765] [765] [764] [764] [764] [763] [763] [763] [762] [762] [762] [761] [760] [760] [760] [759] [755] [753] [751] [747] [742] [740] [740] [737] [734] [733] [731] [725] [721] [719] [718] [716] [716] [713] [711] [711] [708] [708] [707] [705] [704] [704] [703] [703] [701] [700] [697] [696] [695] [695] [695] [695] [695] [695] [695] [695] [695] [695] [695] [695] [695] [695] [695] [694] [691] [689] [688] [685] [685] [685] [684] [681] [680] [679] [677] [674] [672] [669] [669] [661] [657] [656] [656] [656] [656] [654] [653] [652] [650] [649] [648] [648] [646] [645] [645] [645] [644] [640] [638] [638] [632] [631] [626] [624] [621] [617] [612] [610] [605] [604] [604] [603] [601] [600] [591] [586] [585] [582] [581] [581] [578] [578] [578] [577] [574] [573] [569] [566] [564] [562] [559] [559] [559] [555] [554] [552] [552] [552] [551] [549] [548] [546] [546] [546] [545] [545] [536] [536] [535] [531] [525] [523] [522] [522] [522] [521] [520] [520] [520] [519] [517] [516] [516] [514] [514] [513] [513] [512] [512] [512] [512] [512] [512] [512] [512] [512] [512] [512] [512] [512] [512] [512] [512] [512] [512] [512] [512] [512] [512] [512] [512] [512] [512] [512] [512] [512] [512] [512] [512] [512] [512] [512] [512] [512] [512] [512] [512] [512] [512] [512] [512] [512] [512] [512] [512] [512] [512] [512] [512] [512] [512] [512] [512] [512] [512] [512] [512] [512] [512] [512] [512] [512] [512] [512] [512] [512] [512] [512] [512] [509] [508] [508] [508] [508] [508] [508] [508] [507] [507] [507] [506] [506] [506] [506] [506] [502] [501] [501] [498] [497] [496] [494] [494] [493] [492] [491] [490] [490] [487] [486] [486] [485] [482] [482] [478] [477] [475] [474] [473] [468] [468] [467] [463] [461] [459] [458] [456] [453] [453] [452] [451] [449] [448] [448] [448] [447] [447] [447] [446] [443] [443] [443] [442] [441] [439] [439] [439] [439] [439] [439] [439] [439] [438] [436] [435] [434] [433] [432] [429] [429] [427] [425] [406] [406] [401] [400] [399] [392] [390] [388] [388] [385] [380] [378] [375] [373] [373] [372] [372] [372] [369] [368] [366] [366] [366] [365] [365] [364] [362] [362] [361] [356] [356] [355] [354] [354] [347] [347] [346] [345] [345] [343] [342] [338] [337] [337] [332] [332] [331] [328] [326] [322] [318] [312] [309] [309] [308] [308] [306] [305] [305] [304] [302] [302] [301] [301] [300] [297] [295] [294] [291] [291] [290] [289] [289] [289] [289] [288] [286] [286] [284] [283] [283] [280] [273] [270] [270] [264] [260] [260] [260] [260] [259] [259] [257] [257] [257] [257] [256] [256] [256] [256] [256] [256] [256] [256] [256] [256] [256] [256] [256] [256] [256] [256] [256] [256] [256] [256] [256] [256] [256] [256] [256] [256] [256] [256] [256] [256] [256] [256] [256] [256] [256] [256] [256] [256] [256] [256] [256] [256] [256] [256] [256] [252] [252] [252] [252] [251] [251] [250] [250] [250] [246] [244] [244] [241] [240] [239] [239] [233] [232] [232] [228] [227] [226] [225] [224] [221] [220] [218] [216] [213] [212] [209] [205] [204] [202] [202] [195] [193] [192] [192] [192] [191] [191] [190] [188] [188] [188] [188] [185] [183] [183] [183] [183] [183] [183] [183] [183] [183] [182] [181] [181] [180] [178] [176] [173] [173] [173] [170] [168] [166] [165] [161] [161] [160] [160] [158] [157] [155] [153] [147] [145] [145] [144] [143] [140] [136] [130] [130] [128] [125] [123] [120] [119] [113] [112] [112] [108] [107] [107] [104] [102] [97] [95] [90] [89] [89] [87] [87] [87] [84] [76] [71] [69] [66] [66] [65] [64] [64] [64] [62] [60] [59] [58] [58] [58] [57] [57] [56] [55] [53] [52] [50] [49] [48] [48] [46] [45] [42] [41] [40] [40] [37] [36] [35] [35] [33] [33] [32] [32] [32] [31] [30] [29] [27] [24] [22] [20] [20] [19] [18] [17] [10] [9] [8] [8] [7] [6] [6] [5] [5] [5] [3] [3] [3] [3] [2] [2] [1] [1] [1] [1] [1] [1] [0] [0] [0] [0] [0] [0] [0] [0] [0] [0] [0] [0] [0] [0] [0] [0] [0] [0] [0] [0] [0] [0] [0] [0] [0] [0] [0] [0] [0] [0] [0] [0] [0] [0] [0] [0] [0] [0] [0] [0] [0] [0] [0] [0] [0] [0] [0] [0] [0] [0] [0] [0] [0] [0] [0] [0] [0] [0] [0] [0] [0] [0] [0] [0] [0] [0] [0] [0] [0] [0] [0] 

Cliente #3 teve seu cabelo cortado pelo barbeiro #1! Duracao do corte: 8.85ms ---

Vetor nao ordenado enviado pelo cliente para o barbeiro:
[1183] [792] [989] [994] [1002] [887] [844] [978] [1001] [841] [1010] [861] [1007] [824] [802] [800] [1003] [965] [829] [1012] [931] [786] [937] [1011] [949] [1012] [771] [1000] [972] [1018] [930] [799] [918] [921] [960] [1011] [915] [952] [835] [904] [778] [905] [837] [772] [889] [1022] [800] [897] [851] [969] [799] [863] [833] [925] [832] [857] [969] [974] [993] [853] [1018] [800] [981] [849] [982] [998] [939] [917] [1019] [925] [988] [919] [907] [1015] [1008] [914] [1016] [998] [897] [1020] [1015] [985] [884] [990] [948] [992] [977] [972] [811] [982] [866] [815] [850] [894] [799] [925] [848] [811] [856] [829] [932] [989] [859] [925] [978] [886] [863] [866] [769] [990] [866] [897] [881] [865] [855] [918] [947] [848] [954] [803] [864] [847] [877] [846] [1021] [893] [948] [871] [855] [815] [1018] [931] [926] [1020] [1021] [769] [797] [939] [901] [1000] [834] [886] [1020] [842] [793] [954] [1012] [1006] [864] [861] [771] [889] [1012] [786] [982] [781] [771] [778] [802] [862] [790] [805] [783] [975] [976] [905] [945] [1011] [956] [946] [869] [769] [962] [1012] [850] [892] [981] [789] [846] [876] [783] [770] [979] [708] [687] [604] [686] [575] [715] [697] [534] [641] [730] [661] [696] [561] [647] [532] [725] [527] [576] [582] [703] [609] [746] [640] [625] [658] [624] [706] [624] [586] [726] [658] [699] [597] [581] [612] [760] [622] [719] [670] [524] [589] [532] [560] [560] [584] [650] [750] [572] [551] [551] [582] [578] [598] [718] [699] [597] [646] [683] [562] [721] [572] [520] [519] [737] [703] [712] [630] [654] [550] [513] [728] [563] [595] [645] [637] [592] [630] [750] [691] [538] [576] [635] [514] [594] [537] [611] [517] [757] [545] [636] [681] [642] [683] [710] [640] [667] [712] [635] [544] [540] [620] [657] [633] [715] [542] [706] [536] [763] [592] [765] [584] [767] [735] [718] [590] [609] [554] [575] [599] [518] [518] [588] [549] [617] [749] [557] [660] [683] [594] [666] [605] [687] [736] [653] [514] [570] [576] [687] [592] [538] [656] [766] [550] [576] [731] [631] [711] [728] [692] [698] [733] [586] [546] [765] [542] [647] [585] [761] [573] [739] [679] [641] [647] [756] [586] [537] [521] [541] [638] [727] [521] [615] [577] [549] [559] [540] [724] [678] [764] [651] [513] [729] [659] [694] [750] [619] [268] [298] [505] [352] [281] [314] [472] [296] [351] [418] [405] [283] [313] [471] [485] [504] [323] [345] [346] [366] [489] [332] [398] [283] [409] [286] [511] [258] [397] [416] [378] [364] [256] [436] [429] [382] [260] [508] [374] [260] [344] [455] [492] [439] [410] [400] [464] [499] [329] [341] [307] [355] [325] [360] [383] [426] [375] [510] [454] [446] [384] [374] [472] [325] [382] [440] [352] [358] [433] [264] [440] [303] [425] [279] [354] [434] [466] [299] [409] [365] [271] [374] [406] [283] [481] [310] [410] [304] [312] [341] [299] [365] [273] [418] [322] [285] [510] [488] [312] [309] [401] [370] [322] [333] [387] [381] [453] [375] [317] [384] [481] [286] [326] [285] [383] [367] [476] [438] [504] [471] [278] [445] [366] [420] [385] [340] [300] [496] [488] [363] [359] [474] [507] [387] [367] [316] [462] [448] [449] [292] [434] [287] [413] [439] [411] [310] [397] [293] [393] [355] [346] [363] [442] [50] [194] [240] [102] [198] [210] [240] [172] [211] [9] [98] [124] [101] [124] [225] [129] [130] [207] [246] [3] [3] [182] [173] [168] [246] [212] [69] [82] [5] [11] [1] [62] [155] [86] [126] [213] [97] [113] [37] [114] [2] [228] [214] [235] [110] [85] [41] [126] [252] [103] [161] [242] [147] [151] [71] [103] [100] [222] [67] [178] [202] [214] [163] [107] [92] [67] [68] [208] [29] [75] [170] [183] [251] [44] [4] [123] [215] [36] [0] [210] [29] [85] [76] [174] [232] [27] [168] [118] [237] [45] [167] [148] [191] [207] [112] [25] [193] [138] [56] [120] [33] [190] [38] [225] [53] [83] [96] [3] [83] [41] [220] [237] [38] [55] [3] [87] [252] [174] [236] [148] [213] [139] [10] [37] [222] [146] [40] [166] [115] [194] [191] [61] [178] [161] [208] [107] [148] [28] [214] [87] [223] [206] [233] [3] [110] [188] [66] [69] [126] [94] [18] [8] [94] [23] [1] [219] [123] [101] [154] [95] [151] [254] [124] [192] [62] [244] [83] [232] [224] [85] [246] [47] [50] [211] [71] [104] [43] [57] [98] 

Vetor recebido do cliente e ordenado pelo barbeiro:
[1024] [1022] [1022] [1021] [1021] [1020] [1020] [1020] [1019] [1018] [1018] [1015] [1012] [1011] [1011] [1006] [1003] [998] [993] [991] [989] [985] [984] [983] [982] [982] [982] [981] [979] [978] [975] [974] [969] [968] [964] [964] [962] [960] [960] [959] [959] [959] [954] [952] [952] [951] [951] [951] [951] [951] [951] [951] [950] [948] [944] [943] [943] [942] [941] [939] [937] [930] [930] [928] [927] [926] [925] [918] [918] [912] [906] [905] [902] [901] [901] [901] [897] [897] [897] [896] [894] [892] [891] [886] [886] [886] [881] [880] [878] [868] [867] [865] [861] [861] [860] [856] [855] [853] [853] [851] [849] [848] [845] [844] [844] [842] [838] [837] [835] [835] [834] [826] [816] [813] [810] [810] [810] [808] [807] [806] [805] [804] [801] [800] [800] [799] [798] [798] [798] [796] [794] [792] [790] [778] [777] [776] [776] [772] [771] [771] [771] [770] [770] [770] [769] [769] [769] [769] [769] [768] [768] [768] [768] [768] [768] [768] [768] [768] [768] [768] [768] [768] [768] [768] [768] [768] [768] [768] [768] [768] [768] [768] [768] [768] [768] [768] [768] [768] [768] [768] [768] [768] [768] [764] [764] [764] [764] [763] [763] [763] [763] [762] [761] [760] [760] [756] [756] [756] [755] [754] [753] [751] [750] [749] [747] [745] [744] [742] [740] [739] [736] [734] [733] [732] [721] [720] [718] [718] [717] [712] [712] [709] [706] [706] [705] [704] [704] [704] [704] [699] [699] [698] [695] [695] [695] [695] [695] [695] [695] [695] [695] [695] [695] [695] [695] [695] [692] [691] [690] [685] [683] [679] [678] [675] [669] [667] [666] [665] [661] [659] [659] [658] [658] [658] [657] [656] [654] [651] [649] [642] [641] [637] [636] [635] [634] [633] [631] [630] [622] [620] [620] [619] [617] [613] [611] [610] [609] [609] [608] [608] [606] [603] [601] [599] [597] [594] [592] [591] [588] [586] [585] [584] [584] [582] [578] [577] [576] [576] [576] [575] [573] [572] [572] [569] [562] [561] [559] [559] [559] [557] [554] [552] [550] [549] [546] [546] [545] [545] [544] [542] [539] [538] [536] [534] [533] [532] [532] [527] [524] [524] [522] [520] [518] [513] [513] [512] [512] [512] [512] [512] [512] [512] [512] [512] [512] [512] [512] [512] [512] [512] [512] [512] [512] [512] [512] [512] [512] [512] [512] [511] [509] [508] [508] [508] [507] [507] [507] [506] [506] [506] [505] [504] [500] [496] [494] [493] [490] [490] [489] [488] [485] [481] [478] [478] [476] [474] [473] [472] [470] [468] [463] [460] [460] [459] [457] [455] [448] [447] [447] [447] [442] [441] [439] [439] [439] [439] [439] [437] [436] [435] [433] [427] [427] [425] [420] [418] [414] [407] [405] [404] [400] [398] [397] [397] [392] [391] [390] [386] [386] [372] [370] [368] [368] [364] [359] [354] [351] [351] [349] [338] [338] [334] [334] [319] [317] [314] [307] [306] [304] [304] [303] [299] [299] [297] [297] [296] [293] [292] [290] [289] [288] [288] [286] [286] [286] [283] [281] [278] [271] [271] [268] [265] [264] [263] [261] [261] [259] [259] [256] [256] [256] [256] [256] [256] [256] [256] [256] [256] [256] [256] [256] [256] [256] [256] [256] [256] [256] [256] [256] [256] [256] [256] [256] [256] [256] [256] [256] [256] [256] [256] [256] [256] [255] [253] [252] [252] [252] [252] [252] [251] [251] [251] [251] [251] [251] [250] [250] [250] [250] [250] [250] [248] [247] [245] [244] [241] [241] [240] [238] [232] [226] [224] [222] [221] [221] [219] [216] [215] [213] [213] [210] [209] [205] [204] [203] [198] [197] [192] [188] [183] [183] [183] [183] [183] [183] [183] [176] [175] [173] [173] [173] [171] [169] [165] [163] [157] [157] [153] [149] [145] [143] [143] [139] [138] [136] [136] [135] [135] [131] [129] [129] [128] [126] [125] [121] [121] [119] [113] [112] [109] [108] [103] [98] [96] [95] [90] [89] [88] [87] [86] [83] [82] [80] [80] [80] [78] [76] [74] [74] [73] [69] [65] [64] [64] [64] [61] [60] [56] [50] [48] [42] [39] [36] [35] [32] [31] [31] [29] [29] [28] [25] [25] [25] [18] [18] [13] [8] [7] [6] [5] [4] [3] [2] [2] [1] [0] [0] [0] [0] [0] [0] [0] [0] [0] [0] [0] [0] [0] [0] [0] [0] [0] [0] [0] [0] [0] [0] [0] [0] [0] [0] [0] [0] [0] [0] [0] [0] [0] [0] [0] [0] 

Cliente #12 teve seu cabelo cortado pelo barbeiro #2! Duracao do corte: 10.82ms ---

Vetor nao ordenado enviado pelo cliente para o barbeiro:
[1207] [851] [828] [877] [810] [842] [885] [828] [923] [977] [801] [937] [851] [858] [882] [894] [831] [929] [834] [942] [1006] [942] [822] [967] [972] [819] [881] [971] [968] [1014] [1000] [1010] [859] [896] [906] [894] [781] [826] [980] [805] [926] [906] [950] [883] [860] [806] [771] [935] [933] [963] [935] [885] [952] [968] [768] [953] [969] [988] [927] [843] [849] [777] [867] [798] [860] [833] [1013] [989] [802] [804] [821] [910] [768] [920] [977] [896] [982] [858] [876] [839] [808] [992] [916] [1006] [852] [947] [796] [1019] [851] [914] [785] [977] [834] [825] [949] [867] [860] [1012] [785] [784] [800] [822] [835] [872] [944] [789] [810] [924] [980] [910] [873] [817] [983] [849] [786] [838] [844] [928] [834] [847] [833] [820] [809] [896] [926] [819] [967] [1008] [916] [956] [886] [984] [820] [946] [819] [791] [807] [915] [921] [907] [854] [791] [986] [1014] [996] [1009] [921] [1002] [822] [836] [1023] [926] [987] [791] [832] [794] [783] [1014] [901] [744] [612] [698] [599] [557] [562] [624] [597] [536] [670] [541] [540] [663] [718] [687] [582] [595] [699] [665] [518] [634] [601] [600] [527] [517] [717] [547] [615] [700] [628] [529] [747] [520] [757] [627] [645] [672] [767] [572] [546] [720] [613] [678] [706] [761] [631] [565] [656] [731] [705] [706] [620] [518] [525] [658] [644] [693] [523] [576] [568] [751] [720] [712] [721] [607] [590] [585] [760] [722] [566] [615] [588] [543] [695] [683] [766] [606] [663] [616] [748] [571] [702] [634] [740] [767] [687] [581] [642] [634] [564] [762] [580] [550] [660] [677] [704] [739] [698] [543] [644] [756] [764] [590] [524] [546] [648] [670] [589] [612] [684] [523] [690] [717] [642] [611] [627] [688] [555] [515] [767] [579] [547] [651] [600] [527] [528] [745] [533] [720] [686] [744] [686] [518] [551] [627] [616] [636] [640] [603] [601] [719] [633] [754] [740] [541] [677] [738] [557] [749] [747] [762] [564] [540] [541] [651] [765] [574] [556] [726] [752] [724] [733] [544] [703] [557] [507] [310] [502] [440] [485] [417] [471] [425] [470] [441] [329] [406] [298] [365] [449] [350] [322] [310] [495] [508] [312] [334] [428] [443] [285] [344] [478] [333] [267] [488] [293] [506] [464] [417] [488] [350] [465] [510] [488] [360] [404] [344] [399] [286] [256] [386] [482] [331] [409] [413] [489] [363] [459] [353] [457] [345] [312] [268] [442] [330] [466] [388] [294] [491] [295] [272] [412] [407] [289] [368] [381] [268] [472] [265] [405] [289] [280] [511] [324] [285] [426] [303] [267] [469] [401] [337] [345] [478] [398] [338] [441] [449] [425] [431] [294] [435] [412] [359] [395] [412] [453] [306] [428] [368] [447] [451] [509] [339] [285] [391] [418] [423] [496] [497] [323] [346] [333] [286] [391] [332] [404] [387] [401] [439] [287] [344] [343] [368] [303] [389] [412] [455] [434] [298] [296] [361] [461] [375] [441] [373] [334] [332] [368] [413] [422] [507] [294] [300] [376] [506] [331] [499] [422] [339] [404] [397] [360] [348] [467] [420] [423] [351] [362] [459] [392] [493] [440] [347] [386] [490] [357] [360] [381] [398] [456] [328] [497] [360] [411] [431] [504] [356] [276] [421] [440] [309] [182] [110] [115] [56] [26] [43] [43] [89] [168] [246] [140] [169] [252] [28] [139] [49] [80] [124] [131] [253] [252] [168] [68] [76] [201] [1] [15] [205] [142] [163] [186] [42] [116] [133] [27] [204] [125] [242] [121] [73] [95] [198] [197] [87] [165] [229] [191] [178] [47] [113] [135] [25] [172] [250] [128] [37] [121] [27] [95] [46] [127] [165] [45] [105] [229] [15] [240] [193] [13] [109] [56] [108] [245] [159] [162] [148] [79] [89] [166] [34] [201] [176] [119] [27] [210] [155] [249] [7] [213] [246] [153] [173] [143] [254] [68] [203] [43] [186] [145] [207] [207] [92] [100] [12] [15] [236] [224] [156] [87] [153] [105] [69] [201] [95] [11] [244] [87] [94] [43] [122] [151] [187] [22] [202] [224] [70] [214] [124] [23] [134] [113] [49] [124] [230] [107] [79] [175] [161] [79] [244] [246] [131] [218] [191] [168] [119] [99] [22] [76] [35] [221] [27] [171] [230] [207] [195] [125] [244] [230] [45] [115] [84] [84] [64] [36] [254] [32] [14] [125] [244] [41] [101] [119] [12] [188] [254] [163] [213] 

Vetor recebido do cliente e ordenado pelo barbeiro:
[1024] [1023] [1020] [1020] [1019] [1019] [1019] [1019] [1018] [1018] [1018] [1018] [1018] [1016] [1016] [1010] [1009] [1009] [1006] [1003] [1000] [989] [980] [973] [972] [965] [961] [960] [960] [959] [959] [951] [951] [951] [951] [942] [941] [941] [933] [912] [911] [906] [898] [897] [885] [881] [880] [860] [831] [828] [826] [822] [816] [816] [813] [810] [805] [804] [801] [798] [795] [794] [776] [771] [771] [770] [770] [769] [768] [768] [768] [768] [768] [768] [768] [768] [768] [768] [768] [768] [768] [768] [768] [768] [768] [768] [768] [768] [768] [768] [768] [768] [768] [768] [768] [768] [768] [768] [768] [768] [768] [768] [768] [768] [768] [768] [768] [768] [768] [768] [768] [768] [768] [768] [768] [768] [768] [768] [768] [768] [768] [768] [768] [768] [768] [768] [768] [768] [768] [768] [768] [768] [768] [768] [768] [768] [768] [768] [768] [768] [768] [768] [768] [768] [768] [768] [768] [768] [768] [768] [768] [768] [768] [768] [768] [768] [768] [768] [768] [767] [767] [764] [764] [764] [763] [763] [763] [763] [763] [762] [762] [762] [760] [744] [738] [734] [721] [715] [712] [712] [704] [704] [703] [703] [696] [695] [695] [695] [695] [695] [695] [695] [695] [695] [695] [695] [695] [695] [695] [695] [688] [681] [679] [677] [667] [657] [650] [645] [640] [626] [621] [611] [604] [600] [588] [586] [577] [560] [558] [554] [553] [553] [550] [548] [545] [545] [544] [544] [539] [539] [539] [538] [520] [516] [515] [513] [512] [512] [512] [512] [512] [512] [512] [512] [512] [512] [512] [512] [512] [512] [512] [512] [512] [512] [512] [512] [512] [512] [512] [512] [512] [512] [512] [512] [512] [512] [512] [512] [512] [512] [512] [512] [512] [512] [512] [512] [512] [512] [512] [512] [512] [512] [512] [512] [512] [512] [512] [512] [512] [512] [512] [512] [512] [512] [512] [512] [512] [512] [512] [512] [512] [512] [512] [512] [512] [512] [512] [512] [512] [512] [512] [512] [512] [512] [512] [512] [512] [512] [512] [512] [512] [512] [512] [512] [508] [508] [508] [508] [508] [507] [507] [507] [506] [506] [506] [497] [496] [496] [478] [476] [471] [455] [452] [451] [448] [448] [448] [448] [448] [440] [439] [439] [439] [439] [439] [439] [439] [439] [439] [439] [439] [438] [432] [432] [430] [429] [429] [429] [417] [401] [400] [392] [382] [382] [371] [370] [348] [347] [339] [339] [332] [322] [316] [316] [307] [306] [304] [304] [300] [298] [298] [297] [296] [292] [289] [289] [283] [278] [268] [267] [264] [264] [261] [259] [259] [259] [258] [257] [256] [256] [256] [256] [256] [256] [256] [256] [256] [256] [256] [256] [256] [256] [256] [256] [256] [256] [256] [256] [256] [256] [256] [256] [256] [256] [256] [256] [256] [256] [256] [256] [256] [256] [256] [256] [256] [256] [256] [256] [256] [256] [256] [256] [256] [256] [256] [256] [256] [256] [256] [256] [256] [256] [256] [256] [256] [256] [256] [256] [256] [256] [256] [256] [256] [256] [256] [256] [256] [256] [256] [256] [256] [256] [256] [256] [256] [256] [256] [256] [256] [256] [256] [256] [256] [256] [256] [256] [256] [256] [256] [256] [256] [256] [256] [256] [256] [256] [256] [256] [256] [256] [255] [252] [252] [252] [252] [251] [251] [250] [248] [246] [241] [241] [241] [240] [237] [228] [212] [205] [204] [200] [191] [183] [183] [183] [183] [183] [183] [183] [183] [183] [183] [183] [183] [183] [183] [183] [173] [169] [167] [162] [158] [143] [138] [136] [134] [131] [130] [118] [118] [118] [117] [112] [108] [90] [90] [88] [64] [50] [50] [48] [47] [42] [42] [40] [30] [30] [30] [28] [28] [26] [13] [8] [7] [5] [5] [2] [1] [0] [0] [0] [0] [0] [0] [0] [0] [0] [0] [0] [0] [0] [0] [0] [0] [0] [0] [0] [0] [0] [0] [0] [0] [0] [0] [0] [0] [0] [0] [0] [0] [0] [0] [0] [0] [0] [0] [0] [0] [0] [0] [0] [0] [0] [0] [0] [0] [0] [0] [0] [0] [0] [0] [0] [0] [0] [0] [0] [0] [0] [0] [0] [0] [0] [0] [0] [0] [0] [0] [0] [0] [0] [0] [0] [0] [0] [0] [0] [0] [0] [0] [0] [0] [0] [0] [0] [0] [0] [0] [0] [0] [0] [0] [0] [0] [0] [0] [0] [0] [0] 

Cliente #4 teve seu cabelo cortado pelo barbeiro #1! Duracao do corte: 49.49ms ---

Vetor nao ordenado enviado pelo cliente para o barbeiro:
[1126] [844] [988] [777] [811] [944] [836] [929] [1015] [845] [911] [940] [875] [775] [926] [874] [821] [806] [891] [880] [919] [892] [992] [913] [810] [992] [994] [894] [955] [948] [901] [985] [964] [866] [917] [817] [824] [832] [866] [916] [912] [886] [939] [807] [775] [893] [844] [918] [909] [1012] [892] [771] [785] [988] [950] [783] [839] [904] [979] [812] [1001] [841] [917] [909] [823] [962] [842] [803] [875] [788] [876] [806] [936] [979] [897] [770] [900] [1015] [774] [984] [879] [871] [883] [784] [769] [958] [1006] [879] [842] [1020] [831] [921] [855] [899] [970] [776] [984] [948] [835] [1018] [888] [949] [785] [896] [850] [941] [781] [988] [962] [953] [771] [1022] [792] [961] [800] [935] [837] [880] [974] [863] [914] [810] [1000] [879] [874] [923] [965] [768] [904] [943] [924] [985] [847] [865] [825] [1022] [831] [896] [850] [775] [780] [910] [1003] [781] [804] [1009] [909] [778] [915] [1002] [1008] [918] [843] [1016] [883] [789] [977] [894] [850] [958] [916] [820] [950] [882] [868] [944] [1004] [994] [939] [899] [964] [823] [939] [965] [780] [997] [816] [604] [651] [757] [523] [759] [542] [548] [635] [656] [527] [596] [725] [572] [751] [656] [686] [642] [761] [762] [737] [640] [614] [576] [727] [702] [620] [619] [600] [754] [570] [684] [549] [613] [752] [523] [551] [668] [538] [658] [637] [571] [750] [634] [609] [610] [636] [587] [627] [551] [588] [717] [544] [512] [746] [569] [673] [707] [535] [571] [711] [759] [526] [719] [514] [543] [532] [555] [646] [763] [560] [697] [729] [712] [628] [611] [600] [547] [610] [611] [680] [751] [690] [707] [753] [592] [619] [614] [767] [624] [691] [744] [600] [637] [529] [696] [734] [684] [740] [650] [733] [680] [750] [733] [656] [513] [524] [585] [701] [582] [700] [659] [613] [535] [525] [538] [576] [673] [550] [530] [673] [670] [522] [636] [559] [686] [668] [639] [523] [708] [617] [558] [614] [549] [571] [747] [757] [545] [685] [705] [525] [553] [586] [702] [747] [514] [650] [558] [646] [701] [706] [609] [669] [765] [570] [530] [589] [528] [546] [719] [528] [526] [544] [733] [742] [574] [536] [713] [612] [534] [658] [697] [733] [260] [488] [262] [381] [337] [378] [383] [473] [426] [370] [493] [456] [388] [475] [394] [425] [421] [258] [299] [445] [273] [411] [511] [377] [477] [270] [432] [310] [332] [444] [321] [292] [384] [350] [259] [469] [477] [507] [282] [275] [439] [385] [331] [474] [510] [478] [491] [377] [290] [454] [449] [407] [334] [392] [275] [268] [483] [494] [261] [408] [508] [496] [395] [327] [436] [268] [487] [281] [456] [397] [278] [315] [305] [443] [473] [463] [314] [489] [352] [332] [470] [413] [293] [507] [288] [328] [397] [287] [263] [422] [288] [457] [454] [490] [285] [453] [327] [416] [362] [257] [379] [260] [373] [497] [280] [509] [503] [474] [319] [432] [356] [324] [369] [461] [318] [335] [439] [343] [451] [292] [437] [356] [448] [397] [293] [393] [369] [279] [418] [309] [428] [377] [312] [425] [443] [335] [256] [340] [407] [307] [311] [467] [470] [441] [488] [462] [405] [483] [355] [411] [444] [294] [306] [378] [479] [330] [509] [388] [452] [440] [378] [431] [497] [271] [319] [482] [366] [466] [453] [451] [435] [394] [371] [293] [279] [409] [424] [288] [306] [272] [479] [416] [469] [481] [284] [449] [350] [86] [114] [31] [20] [201] [173] [99] [230] [231] [144] [42] [209] [32] [58] [197] [114] [169] [75] [69] [73] [211] [15] [128] [139] [117] [228] [115] [139] [160] [114] [234] [49] [9] [68] [154] [0] [171] [190] [25] [72] [107] [49] [149] [174] [171] [186] [153] [208] [207] [251] [195] [97] [52] [116] [14] [53] [212] [91] [112] [18] [102] [193] [179] [202] [101] [67] [19] [79] [58] [23] [236] [181] [140] [130] [48] [112] [130] [143] [154] [128] [84] [203] [147] [25] [190] [23] [80] [151] [95] [68] [183] [66] [19] [60] [38] [2] [92] [241] [183] [243] [178] [67] [163] [201] [112] [228] [89] [148] [79] [11] [26] [249] [251] [189] [151] [237] [1] [99] [56] [227] [11] [24] [197] [8] [66] [186] [232] [118] [55] [159] [238] [148] [41] [141] [28] [240] [102] [109] [242] [169] [207] [89] [231] [147] [21] [49] [124] [215] [169] [170] [168] [16] [28] [212] [162] [70] [96] [47] [249] [130] [168] [160] [249] [35] [179] [12] [140] [214] [46] [182] [211] [69] [36] [76] [178] [120] [230] [146] [44] [166] [138] [106] [175] [114] [49] [10] [172] [171] [104] [227] [245] [128] [53] [96] [48] [172] [156] [120] [53] [203] [117] [253] [99] [128] [175] [57] [235] [120] [87] [199] [103] 

Vetor recebido do cliente e ordenado pelo barbeiro:
[1207] [1023] [1020] [1020] [1020] [1020] [1020] [1020] [1019] [1019] [1019] [1019] [1018] [1018] [1018] [1018] [1018] [1009] [1009] [1003] [1000] [994] [990] [988] [985] [981] [980] [970] [965] [961] [960] [960] [959] [959] [951] [951] [951] [951] [951] [951] [951] [951] [951] [951] [951] [951] [950] [948] [948] [941] [936] [930] [929] [911] [899] [897] [891] [879] [879] [876] [874] [871] [866] [862] [835] [824] [823] [816] [810] [810] [809] [808] [804] [801] [800] [800] [798] [795] [794] [792] [776] [776] [776] [776] [773] [773] [772] [771] [770] [768] [768] [768] [768] [768] [768] [768] [768] [768] [768] [768] [768] [768] [768] [768] [768] [768] [768] [768] [768] [768] [768] [768] [768] [768] [768] [768] [768] [768] [768] [768] [768] [768] [768] [768] [768] [768] [768] [768] [768] [768] [768] [768] [768] [768] [768] [768] [768] [768] [768] [768] [768] [768] [768] [768] [768] [768] [768] [768] [768] [768] [768] [768] [768] [768] [768] [768] [768] [768] [768] [768] [768] [768] [768] [768] [768] [768] [768] [768] [768] [768] [768] [768] [768] [768] [768] [768] [768] [767] [766] [764] [763] [763] [763] [763] [762] [762] [762] [762] [759] [753] [753] [746] [734] [732] [728] [728] [723] [717] [712] [709] [708] [706] [705] [704] [704] [704] [703] [696] [695] [695] [695] [695] [695] [688] [661] [661] [658] [657] [656] [655] [655] [653] [644] [641] [640] [636] [630] [628] [624] [624] [624] [624] [619] [604] [604] [599] [594] [588] [588] [577] [576] [562] [561] [560] [560] [559] [558] [556] [554] [554] [554] [552] [550] [548] [547] [542] [542] [539] [534] [532] [528] [525] [523] [519] [515] [515] [515] [515] [515] [514] [513] [513] [512] [512] [512] [512] [512] [512] [512] [512] [512] [512] [512] [512] [512] [512] [512] [512] [512] [512] [512] [512] [512] [512] [512] [512] [512] [512] [512] [512] [512] [512] [512] [512] [512] [512] [512] [512] [512] [512] [512] [512] [512] [512] [512] [512] [512] [512] [512] [512] [512] [512] [512] [512] [512] [512] [512] [512] [512] [512] [512] [512] [512] [512] [512] [512] [512] [512] [512] [512] [512] [512] [512] [512] [512] [512] [512] [512] [512] [511] [508] [508] [507] [506] [506] [506] [504] [502] [497] [496] [489] [488] [484] [480] [476] [476] [462] [461] [460] [452] [446] [443] [439] [439] [439] [439] [439] [439] [439] [439] [439] [439] [439] [439] [439] [439] [432] [429] [429] [429] [428] [427] [426] [425] [423] [414] [407] [401] [400] [397] [394] [392] [392] [387] [381] [380] [379] [374] [371] [370] [364] [362] [358] [355] [349] [346] [344] [333] [332] [327] [320] [319] [306] [303] [301] [298] [297] [297] [295] [294] [289] [284] [283] [283] [282] [282] [272] [271] [269] [262] [259] [258] [258] [257] [257] [256] [256] [256] [256] [256] [256] [256] [256] [256] [256] [256] [256] [256] [256] [256] [256] [256] [256] [256] [256] [256] [256] [256] [256] [256] [256] [256] [256] [256] [256] [256] [256] [256] [256] [256] [256] [256] [256] [256] [256] [256] [256] [256] [256] [256] [256] [256] [256] [256] [256] [256] [256] [256] [256] [256] [256] [256] [256] [256] [256] [256] [256] [256] [256] [256] [256] [256] [256] [256] [256] [256] [256] [256] [256] [256] [256] [256] [256] [256] [256] [256] [256] [256] [256] [256] [256] [256] [256] [256] [256] [256] [255] [252] [252] [252] [252] [252] [252] [251] [251] [251] [251] [251] [250] [248] [248] [248] [247] [244] [241] [240] [240] [238] [237] [226] [224] [221] [215] [211] [206] [194] [192] [192] [192] [192] [191] [191] [185] [183] [183] [183] [183] [183] [183] [183] [183] [183] [183] [183] [183] [181] [176] [176] [173] [173] [173] [168] [165] [158] [155] [153] [150] [148] [145] [144] [136] [134] [134] [133] [133] [130] [130] [128] [126] [120] [118] [118] [111] [107] [98] [95] [92] [89] [88] [81] [76] [74] [74] [73] [69] [68] [66] [60] [53] [50] [48] [48] [48] [44] [43] [42] [36] [33] [33] [32] [30] [28] [27] [27] [27] [17] [17] [12] [9] [8] [8] [7] [7] [5] [3] [2] [1] [0] [0] [0] [0] [0] [0] [0] [0] [0] [0] [0] [0] [0] [0] [0] [0] [0] [0] [0] [0] [0] [0] [0] [0] [0] [0] [0] [0] [0] [0] [0] [0] [0] [0] [0] [0] [0] [0] [0] [0] [0] [0] [0] [0] [0] [0] [0] [0] [0] [0] [0] [0] [0] [0] [0] [0] [0] [0] [0] [0] [0] [0] [0] [0] [0] [0] [0] [0] [0] [0] [0] [0] [0] [0] [0] [0] [0] [0] [0] [0] [0] [0] [0] [0] [0] [0] [0] [0] [0] [0] 

Cliente #11 teve seu cabelo cortado pelo barbeiro #1! Duracao do corte: 12.06ms ---

Vetor nao ordenado enviado pelo cliente para o barbeiro:
[837] [927] [1023] [779] [921] [1006] [879] [948] [1003] [922] [865] [970] [876] [1009] [902] [933] [855] [1004] [787] [927] [878] [777] [787] [785] [941] [960] [1009] [831] [932] [794] [800] [837] [999] [1016] [870] [961] [909] [790] [890] [986] [787] [938] [936] [961] [768] [816] [789] [784] [1008] [819] [876] [844] [789] [904] [875] [986] [780] [989] [1020] [957] [1014] [805] [961] [1009] [882] [916] [858] [965] [895] [881] [905] [974] [843] [917] [775] [857] [808] [1005] [989] [933] [793] [924] [909] [847] [980] [964] [803] [967] [936] [1013] [904] [788] [946] [934] [1023] [802] [1015] [1014] [838] [820] [989] [983] [819] [990] [848] [855] [806] [810] [929] [819] [877] [846] [927] [950] [816] [1023] [819] [920] [1001] [984] [943] [844] [947] [1023] [961] [808] [897] [822] [1006] [908] [942] [937] [967] [903] [841] [909] [792] [899] [793] [856] [980] [819] [884] [849] [805] [877] [822] [788] [806] [965] [811] [1006] [972] [959] [1006] [773] [875] [964] [957] [876] [845] [794] [820] [788] [1007] [775] [909] [841] [872] [1020] [843] [783] [908] [784] [850] [770] [898] [993] [1006] [943] [855] [867] [838] [790] [1006] [818] [996] [1002] [1005] [962] [948] [903] [1006] [823] [856] [911] [849] [985] [881] [869] [1021] [878] [862] [990] [1019] [782] [924] [953] [799] [791] [1001] [807] [971] [991] [797] [817] [812] [909] [1018] [1001] [806] [770] [942] [892] [956] [914] [925] [853] [998] [976] [899] [826] [634] [568] [638] [737] [542] [603] [515] [739] [564] [760] [641] [557] [588] [644] [741] [610] [567] [699] [564] [513] [627] [763] [603] [724] [695] [613] [528] [537] [610] [589] [550] [595] [535] [720] [721] [608] [578] [578] [524] [582] [561] [557] [689] [657] [654] [701] [589] [730] [601] [584] [661] [584] [674] [682] [724] [572] [761] [664] [593] [547] [600] [743] [571] [546] [597] [575] [650] [752] [563] [621] [629] [598] [548] [691] [565] [620] [547] [751] [566] [610] [514] [591] [681] [641] [662] [586] [516] [542] [591] [590] [668] [533] [735] [741] [729] [633] [634] [560] [718] [517] [706] [593] [732] [747] [677] [691] [564] [710] [584] [669] [706] [533] [528] [578] [708] [724] [578] [691] [596] [630] [631] [557] [520] [767] [578] [654] [521] [723] [738] [651] [732] [667] [713] [644] [682] [700] [659] [658] [583] [565] [715] [584] [625] [546] [537] [521] [630] [584] [586] [726] [733] [735] [723] [533] [667] [654] [606] [535] [587] [716] [640] [564] [684] [744] [587] [654] [665] [733] [710] [673] [527] [761] [710] [630] [756] [753] [553] [749] [622] [748] [731] [714] [555] [531] [708] [674] [585] [731] [545] [513] [671] [591] [535] [634] [660] [720] [729] [557] [713] [570] [653] [618] [637] [678] [620] [687] [541] [706] [652] [374] [428] [335] [294] [477] [426] [362] [346] [286] [273] [319] [450] [447] [284] [390] [309] [438] [287] [440] [391] [304] [298] [480] [490] [349] [477] [360] [339] [373] [362] [490] [322] [363] [433] [359] [422] [407] [480] [425] [260] [295] [384] [305] [360] [278] [468] [426] [341] [488] [284] [510] [267] [310] [343] [498] [379] [365] [414] [298] [392] [361] [318] [357] [433] [446] [444] [375] [267] [402] [492] [303] [260] [323] [320] [364] [344] [344] [314] [363] [413] [284] [455] [279] [389] [455] [402] [377] [305] [508] [302] [454] [445] [510] [294] [257] [331] [298] [488] [289] [374] [411] [350] [268] [272] [389] [506] [430] [462] [319] [340] [453] [395] [485] [283] [266] [441] [288] [449] [271] [431] [486] [293] [296] [496] [322] [373] [434] [281] [362] [353] [285] [440] [334] [394] [343] [270] [260] [366] [438] [405] [332] [323] [499] [326] [263] [356] [345] [474] [417] [426] [400] [290] [425] [491] [501] [278] [429] [314] [403] [268] [365] [460] [366] [375] [441] [334] [505] [347] [459] [388] [346] [283] [397] [354] [367] [384] [391] [393] [266] [373] [499] [386] [410] [446] [504] [375] [410] [354] [397] [303] [455] [336] [357] [311] [271] [387] [359] [278] [381] [367] [431] [406] [474] [381] [392] [337] [100] [3] [127] [172] [190] [118] [204] [77] [13] [20] [163] [221] [122] [74] [37] [199] [127] [197] [86] [3] [177] [77] [9] [246] [105] [152] [165] [86] [19] [111] [100] [60] [75] [119] [39] [216] [109] [88] [255] [147] [251] [112] [242] [234] [86] [143] [55] [98] [61] [170] [114] [99] [9] [90] [77] [183] [220] [184] [1] [89] [157] [98] [242] [44] [77] [210] [109] [68] [107] [76] [234] [135] [216] [232] [108] [46] [55] [215] [31] [78] [152] [140] [225] [36] [140] [9] [157] [94] [161] [190] [234] [161] [133] [71] [49] [117] [59] [241] [181] [192] [57] [60] [50] [172] [248] [242] [75] [218] [247] [64] [126] [118] [244] [98] [147] [147] [228] [237] [237] [232] [156] [174] [43] [32] [7] [9] [239] [208] [226] [223] [204] [211] [247] [11] [95] [108] [209] [64] [137] [214] [31] [221] [86] [45] [13] [140] [69] [198] [95] [143] [140] [16] [100] [249] [47] [149] [84] [189] [27] [131] [10] [138] [230] [92] [158] [195] [88] [12] [79] [165] [231] [216] [85] [99] [222] [74] [220] [26] [55] [57] [215] [13] [60] [172] [122] [115] [8] [3] [53] [204] [68] [241] [43] [173] [29] [111] [0] [228] [172] [13] [112] [137] [87] [35] [91] [54] [150] [128] [193] [99] [36] [93] [196] [245] [189] [82] [170] [25] [58] [127] [26] [58] [111] [76] [97] [199] [88] [210] [55] [229] [147] 

Vetor recebido do cliente e ordenado pelo barbeiro:
[1023] [1023] [1020] [1020] [1020] [1020] [1020] [1020] [1020] [1019] [1019] [1019] [1018] [1016] [1009] [1009] [1009] [1008] [1006] [980] [978] [973] [964] [961] [960] [960] [960] [959] [959] [959] [959] [956] [951] [951] [951] [951] [951] [951] [951] [951] [951] [951] [951] [951] [951] [947] [944] [941] [941] [941] [941] [938] [937] [933] [930] [912] [912] [912] [909] [904] [897] [896] [886] [876] [867] [861] [860] [857] [849] [844] [833] [828] [818] [817] [815] [815] [812] [810] [810] [810] [809] [809] [808] [801] [801] [801] [801] [800] [798] [795] [795] [794] [794] [794] [776] [776] [776] [772] [772] [772] [771] [771] [771] [770] [770] [769] [769] [769] [768] [768] [768] [768] [768] [768] [768] [768] [768] [768] [768] [768] [768] [768] [768] [768] [768] [768] [768] [768] [768] [768] [768] [768] [768] [768] [768] [768] [768] [768] [768] [768] [768] [768] [768] [768] [768] [768] [768] [768] [768] [768] [768] [768] [768] [768] [768] [768] [768] [768] [768] [768] [768] [768] [768] [768] [768] [768] [768] [768] [768] [768] [768] [768] [768] [768] [768] [768] [768] [768] [768] [768] [768] [768] [768] [768] [768] [768] [768] [768] [768] [768] [768] [768] [768] [768] [768] [768] [768] [768] [768] [768] [768] [768] [768] [768] [768] [768] [768] [768] [768] [768] [768] [768] [768] [768] [768] [768] [768] [768] [768] [768] [768] [768] [768] [768] [768] [768] [768] [768] [768] [768] [768] [768] [767] [764] [764] [763] [763] [763] [762] [762] [762] [762] [762] [762] [762] [760] [753] [753] [749] [747] [744] [743] [734] [730] [727] [725] [716] [705] [704] [704] [703] [703] [700] [696] [696] [695] [695] [695] [695] [695] [695] [695] [695] [695] [688] [685] [685] [685] [685] [682] [680] [680] [665] [657] [656] [655] [655] [645] [643] [642] [634] [630] [626] [620] [609] [604] [604] [581] [562] [560] [558] [548] [545] [545] [544] [542] [540] [539] [539] [539] [536] [536] [528] [520] [517] [515] [515] [514] [514] [513] [512] [512] [512] [512] [512] [512] [512] [512] [512] [512] [512] [512] [512] [512] [512] [512] [512] [512] [512] [512] [512] [512] [512] [512] [512] [512] [512] [512] [512] [512] [512] [512] [512] [512] [512] [512] [512] [512] [512] [512] [512] [512] [512] [512] [512] [512] [512] [512] [512] [512] [512] [512] [512] [512] [512] [512] [512] [512] [512] [512] [512] [512] [512] [512] [512] [512] [512] [512] [512] [512] [512] [512] [512] [512] [512] [512] [512] [512] [512] [512] [512] [512] [512] [512] [512] [512] [512] [512] [512] [512] [512] [512] [512] [512] [512] [512] [512] [512] [512] [512] [512] [512] [512] [512] [512] [512] [512] [512] [512] [512] [512] [512] [512] [512] [512] [512] [512] [512] [512] [512] [512] [508] [508] [508] [508] [508] [508] [507] [507] [506] [506] [506] [497] [496] [492] [491] [491] [490] [484] [478] [476] [462] [459] [457] [448] [448] [439] [439] [439] [439] [439] [439] [439] [439] [439] [439] [439] [439] [439] [439] [439] [439] [439] [439] [439] [439] [432] [429] [420] [415] [414] [401] [401] [401] [401] [400] [400] [394] [390] [390] [387] [386] [381] [372] [368] [366] [358] [350] [344] [332] [320] [306] [304] [304] [304] [304] [301] [298] [297] [296] [292] [289] [289] [288] [286] [284] [280] [275] [275] [275] [273] [268] [267] [266] [261] [259] [257] [257] [256] [256] [256] [256] [256] [256] [256] [256] [256] [256] [256] [256] [256] [256] [256] [256] [256] [256] [256] [256] [256] [256] [256] [256] [256] [256] [256] [256] [256] [256] [256] [256] [256] [256] [256] [256] [256] [256] [256] [256] [256] [256] [256] [256] [256] [256] [256] [256] [256] [256] [256] [256] [256] [256] [256] [256] [256] [256] [256] [256] [256] [256] [256] [256] [256] [256] [256] [256] [256] [256] [256] [256] [256] [256] [256] [256] [256] [256] [256] [256] [256] [256] [256] [256] [256] [256] [256] [256] [256] [256] [256] [256] [256] [256] [256] [256] [256] [256] [256] [256] [256] [256] [256] [256] [256] [256] [256] [256] [256] [255] [255] [252] [252] [252] [252] [252] [252] [251] [251] [251] [251] [251] [251] [251] [250] [250] [250] [250] [250] [250] [248] [248] [248] [246] [241] [241] [240] [226] [221] [205] [202] [202] [201] [201] [200] [197] [193] [193] [192] [192] [192] [192] [192] [191] [191] [191] [183] [183] [183] [183] [183] [183] [183] [183] [183] [183] [183] [183] [183] [183] [183] [180] [176] [173] [173] [165] [159] [154] [145] [136] [134] [123] [118] [114] [112] [111] [90] [88] [87] [69] [66] [63] [49] [48] [48] [42] [36] [35] [32] [30] [29] [27] [27] [26] [22] [22] [13] [11] [9] [8] [8] [7] [7] [5] [3] [0] [0] [0] [0] [0] [0] [0] [0] [0] [0] [0] [0] [0] [0] [0] [0] [0] [0] [0] [0] [0] [0] [0] [0] [0] [0] [0] [0] [0] [0] [0] [0] [0] [0] [0] [0] [0] [0] [0] [0] [0] [0] [0] [0] [0] [0] [0] [0] [0] [0] [0] [0] [0] [0] [0] [0] [0] [0] [0] [0] [0] [0] [0] [0] [0] [0] [0] [0] [0] [0] [0] [0] [0] [0] [0] [0] [0] [0] [0] [0] [0] [0] [0] [0] [0] [0] [0] [0] [0] [0] [0] [0] [0] [0] [0] [0] [0] [0] [0] [0] [0] [0] [0] [0] [0] [0] [0] [0] [0] [0] [0] [0] [0] [0] [0] [0] [0] [0] [0] [0] [0] [0] [0] [0] [0] 

Cliente #2 teve seu cabelo cortado pelo barbeiro #2! Duracao do corte: 32.43ms ---

Vetor nao ordenado enviado pelo cliente para o barbeiro:
[1154] [1020] [773] [902] [774] [961] [897] [883] [1019] [971] [876] [912] [855] [827] [887] [886] [837] [978] [875] [843] [1012] [846] [772] [1023] [850] [858] [964] [976] [869] [881] [922] [990] [879] [774] [952] [1020] [1019] [964] [876] [916] [911] [863] [854] [967] [772] [918] [964] [1011] [905] [959] [954] [921] [825] [839] [956] [984] [976] [818] [784] [869] [780] [905] [977] [909] [856] [1014] [963] [896] [947] [822] [796] [788] [815] [863] [825] [808] [887] [941] [910] [1010] [966] [870] [903] [923] [929] [998] [942] [939] [828] [832] [773] [862] [1008] [919] [923] [954] [823] [849] [793] [792] [877] [950] [862] [822] [1004] [814] [868] [837] [907] [821] [966] [829] [1004] [966] [985] [888] [799] [986] [817] [992] [866] [877] [795] [981] [909] [840] [980] [822] [821] [796] [982] [825] [975] [951] [921] [850] [828] [848] [783] [794] [837] [860] [973] [787] [1019] [1004] [815] [891] [947] [918] [849] [963] [898] [950] [853] [791] [1023] [957] [930] [926] [987] [805] [956] [845] [987] [846] [819] [770] [984] [877] [815] [862] [769] [864] [977] [874] [815] [781] [929] [795] [985] [899] [981] [851] [780] [804] [998] [932] [949] [804] [848] [900] [992] [829] [935] [919] [978] [781] [835] [870] [1022] [876] [834] [1010] [903] [845] [917] [993] [929] [861] [972] [947] [845] [902] [819] [805] [862] [807] [831] [774] [908] [992] [949] [971] [1015] [830] [787] [995] [839] [797] [768] [817] [789] [866] [957] [827] [931] [842] [865] [941] [792] [771] [914] [535] [597] [621] [582] [711] [737] [593] [650] [552] [613] [554] [714] [675] [667] [678] [559] [695] [592] [530] [605] [527] [569] [544] [760] [714] [526] [708] [762] [629] [550] [717] [521] [536] [620] [528] [533] [633] [625] [659] [536] [528] [687] [534] [567] [548] [702] [756] [530] [560] [688] [578] [723] [591] [605] [676] [520] [719] [639] [713] [530] [551] [593] [581] [764] [685] [525] [550] [632] [549] [751] [659] [613] [751] [542] [722] [712] [687] [690] [532] [524] [554] [570] [693] [741] [690] [597] [612] [712] [711] [744] [703] [603] [553] [540] [660] [563] [637] [515] [643] [667] [730] [758] [531] [706] [739] [674] [548] [684] [530] [645] [613] [590] [520] [714] [652] [579] [595] [764] [685] [700] [616] [699] [524] [597] [555] [642] [700] [617] [719] [571] [619] [629] [633] [632] [659] [633] [758] [618] [743] [531] [543] [728] [524] [698] [623] [564] [655] [551] [711] [570] [754] [606] [734] [753] [605] [619] [661] [723] [666] [637] [544] [693] [664] [574] [623] [513] [519] [662] [533] [611] [545] [680] [766] [533] [652] [609] [615] [610] [521] [529] [609] [672] [764] [724] [583] [645] [515] [663] [722] [645] [517] [601] [617] [714] [655] [675] [589] [528] [604] [707] [672] [561] [585] [680] [559] [755] [669] [562] [691] [570] [764] [731] [541] [628] [618] [738] [726] [627] [577] [746] [536] [573] [680] [568] [705] [620] [548] [610] [575] [636] [618] [691] [717] [710] [614] [669] [581] [706] [675] [627] [618] [520] [692] [621] [624] [764] [498] [336] [383] [361] [421] [408] [361] [432] [319] [292] [403] [346] [411] [477] [497] [363] [385] [470] [493] [431] [311] [413] [468] [347] [439] [322] [475] [428] [311] [356] [381] [496] [314] [478] [488] [269] [389] [499] [406] [388] [459] [339] [289] [347] [300] [365] [400] [355] [344] [378] [397] [381] [291] [340] [483] [420] [403] [348] [295] [318] [396] [281] [369] [293] [429] [372] [299] [296] [388] [383] [371] [331] [476] [289] [263] [323] [328] [301] [318] [500] [258] [325] [378] [400] [440] [306] [273] [346] [480] [261] [377] [302] [460] [344] [354] [450] [274] [310] [300] [401] [345] [331] [458] [354] [267] [298] [347] [301] [501] [430] [388] [471] [511] [279] [292] [314] [295] [494] [464] [280] [372] [283] [281] [451] [326] [424] [441] [382] [400] [492] [366] [393] [306] [456] [491] [473] [353] [392] [439] [346] [351] [263] [407] [297] [276] [292] [432] [322] [322] [502] [271] [383] [373] [284] [285] [278] [410] [350] [332] [427] [375] [273] [436] [280] [341] [297] [414] [328] [459] [336] [377] [356] [457] [311] [389] [390] [274] [330] [507] [256] [308] [397] [484] [392] [427] [280] [371] [277] [375] [395] [469] [388] [267] [370] [430] [504] [433] [410] [507] [491] [370] [404] [488] [401] [417] [433] [349] [485] [453] [382] [388] [419] [295] [498] [267] [443] [423] [438] [477] [361] [307] [485] [328] [364] [357] [422] [407] [258] [391] [462] [256] [270] [480] [480] [402] [468] [358] [486] [360] [416] [291] [404] [438] [372] [438] [295] [473] [347] [196] [230] [177] [224] [13] [112] [81] [123] [150] [237] [96] [170] [104] [151] [38] [230] [148] [162] [52] [130] [75] [180] [166] [201] [162] [108] [126] [74] [215] [69] [156] [128] [70] [243] [174] [123] [124] [152] [213] [17] [112] [226] [194] [137] [156] [113] [53] [14] [81] [179] [63] [218] [175] [165] [138] [76] [191] [61] [53] [44] [213] [107] [246] [184] [50] [161] [153] [219] [161] [219] [110] [97] [180] [238] [203] [199] [209] [36] [60] [230] [16] [230] [33] [73] [132] [203] [233] [41] [120] [9] [223] [154] [74] [61] [35] [222] [184] [215] [177] [142] [166] [110] [74] [27] [242] [230] [24] [167] [116] [79] [105] [226] [96] [178] [150] [195] [254] [25] [132] [156] [226] [33] [13] [137] [215] [72] [80] [100] [23] [58] [50] [164] [161] [227] [146] [83] [124] [214] [165] [34] [66] [203] [203] [242] [66] [48] [175] [107] [152] [223] [90] [143] [190] [59] [156] [125] [82] [77] [252] [72] [92] [118] [214] [3] [154] [216] [223] [45] [110] [31] [105] [45] [18] [59] [167] [95] [73] [108] [32] [145] [190] [42] [155] [23] [223] [189] [170] [78] [71] [61] [172] [63] [225] [45] [161] [20] [16] [28] [219] [154] [25] [179] [68] [214] [19] [5] [231] [10] [109] [58] [31] [159] [15] [153] [245] [73] [211] [74] [73] [247] [16] [151] [157] [209] [24] [187] [141] [143] [94] [181] [24] [235] [203] [87] [110] [109] [202] [196] [83] [218] [197] 

Vetor recebido do cliente e ordenado pelo barbeiro:
[1024] [1023] [1023] [1020] [1020] [1019] [1019] [1019] [1018] [1018] [1018] [1018] [1018] [1014] [1012] [1010] [1008] [1000] [998] [996] [995] [993] [989] [987] [983] [982] [980] [976] [973] [969] [966] [964] [964] [960] [960] [960] [960] [959] [954] [951] [951] [951] [951] [951] [951] [951] [951] [951] [951] [951] [951] [951] [951] [951] [951] [950] [950] [947] [944] [941] [941] [941] [941] [939] [938] [936] [929] [926] [919] [919] [919] [916] [913] [913] [913] [912] [911] [909] [907] [906] [905] [904] [903] [902] [902] [901] [900] [899] [899] [898] [897] [886] [886] [882] [882] [877] [876] [874] [869] [862] [862] [862] [862] [861] [856] [850] [848] [848] [843] [838] [837] [832] [831] [825] [823] [821] [820] [820] [819] [818] [817] [816] [815] [814] [813] [810] [808] [805] [801] [801] [801] [800] [799] [798] [795] [795] [795] [794] [791] [787] [784] [784] [781] [778] [776] [776] [774] [774] [772] [771] [771] [771] [770] [770] [769] [769] [768] [768] [768] [768] [768] [768] [768] [768] [768] [768] [768] [768] [768] [768] [768] [768] [768] [768] [768] [768] [768] [768] [768] [768] [768] [768] [768] [768] [768] [768] [768] [768] [768] [768] [768] [768] [768] [768] [768] [768] [768] [768] [768] [768] [768] [768] [768] [768] [768] [768] [768] [768] [768] [768] [768] [768] [768] [768] [768] [768] [768] [768] [768] [768] [768] [768] [768] [768] [768] [768] [768] [768] [768] [768] [768] [768] [768] [768] [768] [768] [768] [768] [768] [768] [768] [768] [768] [767] [767] [767] [764] [764] [764] [764] [764] [764] [764] [763] [763] [763] [763] [763] [762] [762] [762] [762] [760] [760] [760] [759] [753] [753] [752] [752] [746] [738] [734] [725] [722] [722] [721] [720] [718] [716] [715] [713] [710] [710] [704] [704] [704] [703] [703] [703] [700] [698] [696] [696] [695] [695] [695] [695] [695] [695] [695] [695] [695] [695] [695] [695] [695] [693] [688] [685] [679] [677] [673] [670] [666] [662] [657] [656] [656] [656] [656] [647] [646] [646] [642] [642] [639] [637] [635] [635] [632] [630] [628] [623] [621] [620] [612] [607] [604] [600] [599] [597] [594] [593] [592] [590] [590] [589] [589] [588] [588] [583] [582] [578] [577] [576] [573] [572] [569] [566] [564] [560] [560] [560] [559] [558] [556] [554] [553] [551] [549] [548] [547] [545] [542] [541] [540] [540] [539] [539] [538] [536] [534] [534] [532] [525] [525] [524] [519] [518] [517] [516] [516] [515] [515] [515] [515] [514] [513] [513] [513] [513] [512] [512] [512] [512] [512] [512] [512] [512] [512] [512] [512] [512] [512] [512] [512] [512] [512] [512] [512] [512] [512] [512] [512] [512] [512] [512] [512] [512] [512] [512] [512] [512] [512] [512] [512] [512] [512] [512] [512] [512] [512] [512] [512] [512] [512] [512] [512] [512] [512] [512] [512] [512] [512] [512] [512] [512] [512] [512] [512] [512] [512] [512] [512] [512] [512] [512] [512] [512] [512] [512] [512] [512] [512] [512] [512] [512] [512] [512] [512] [512] [512] [512] [512] [512] [512] [512] [512] [511] [508] [508] [508] [508] [508] [508] [508] [508] [508] [507] [507] [507] [507] [506] [506] [504] [499] [497] [497] [497] [492] [492] [491] [480] [480] [478] [474] [473] [473] [472] [469] [468] [466] [464] [461] [461] [460] [459] [458] [457] [455] [452] [452] [451] [449] [449] [448] [447] [447] [447] [447] [447] [445] [444] [444] [439] [439] [439] [439] [439] [439] [439] [439] [439] [439] [439] [439] [439] [439] [439] [439] [439] [439] [437] [435] [429] [429] [418] [418] [417] [411] [409] [409] [405] [401] [401] [399] [399] [396] [392] [391] [387] [384] [375] [375] [371] [368] [368] [364] [364] [358] [357] [355] [354] [352] [351] [346] [344] [342] [339] [333] [332] [325] [325] [325] [323] [320] [318] [317] [316] [316] [308] [307] [306] [304] [304] [304] [303] [303] [298] [298] [296] [292] [292] [286] [285] [284] [284] [283] [283] [282] [281] [280] [271] [266] [264] [264] [263] [261] [259] [259] [258] [257] [257] [257] [256] [256] [256] [256] [256] [256] [256] [256] [256] [256] [256] [256] [256] [256] [256] [256] [256] [256] [256] [256] [256] [256] [256] [256] [256] [256] [256] [256] [256] [256] [256] [256] [256] [256] [256] [256] [256] [256] [256] [256] [256] [256] [256] [256] [256] [256] [256] [256] [256] [256] [256] [256] [256] [256] [256] [256] [256] [256] [256] [256] [256] [256] [256] [256] [256] [256] [256] [256] [256] [256] [256] [256] [256] [256] [256] [256] [256] [256] [256] [256] [256] [256] [256] [256] [256] [256] [256] [256] [256] [256] [256] [256] [254] [252] [252] [252] [252] [251] [251] [251] [251] [251] [251] [250] [250] [250] [250] [250] [250] [246] [242] [241] [240] [237] [236] [235] [230] [224] [222] [220] [219] [216] [213] [209] [207] [203] [200] [197] [195] [193] [192] [192] [191] [191] [188] [184] [183] [183] [183] [183] [183] [183] [183] [183] [183] [183] [179] [179] [176] [176] [174] [173] [173] [173] [173] [173] [169] [164] [155] [150] [144] [144] [142] [141] [137] [132] [130] [129] [128] [120] [118] [113] [112] [109] [107] [102] [94] [93] [92] [92] [92] [90] [89] [81] [81] [72] [71] [69] [66] [64] [59] [57] [55] [54] [54] [53] [52] [50] [50] [49] [49] [47] [47] [42] [41] [41] [40] [40] [36] [36] [33] [33] [33] [33] [32] [32] [32] [30] [27] [27] [27] [26] [24] [24] [19] [12] [12] [11] [8] [8] [6] [5] [5] [5] [5] [4] [4] [4] [3] [3] [2] [2] [1] [1] [1] [1] [1] [0] [0] [0] [0] [0] [0] [0] [0] [0] [0] [0] [0] [0] [0] [0] [0] [0] [0] [0] [0] [0] [0] [0] [0] [0] [0] [0] [0] [0] [0] [0] [0] [0] [0] [0] [0] [0] [0] [0] [0] [0] [0] [0] [0] [0] [0] [0] [0] [0] [0] [0] [0] [0] [0] [0] [0] [0] [0] [0] [0] [0] [0] [0] [0] [0] [0] [0] [0] [0] [0] [0] [0] [0] [0] [0] [0] [0] [0] [0] [0] [0] [0] [0] [0] [0] [0] Teste