
--------------------------RESULTADO FINAL---------------------------------------

Cliente atendido: 0

Numero do barbeiro: 1

Tempo decorrido:31.00


String inicial:

  231    126    31    200    82    177    77    72    86    1    218    51    202    32  

String ordenada:

  1    31    32    51    72    77    82    86    126    177    200    202    218    231  


--------------------------RESULTADO FINAL---------------------------------------

Cliente atendido: 1

Numero do barbeiro: 2

Tempo decorrido:60.00


String inicial:

  232    127    32    201    83    178    78    73    87    2    219    52    203    33    96  

String ordenada:

  2    32    33    52    73    78    83    87    96    127    178    201    203    219    232  


--------------------------RESULTADO FINAL---------------------------------------

Cliente atendido: 2

Numero do barbeiro: 1

Tempo decorrido:50.00


String inicial:

  235    130    35    204    86    181    81    76    90    5    222    55    206    36    99    159    22    248  

String ordenada:

  5    22    35    36    55    76    81    86    90    99    130    159    181    204    206    222    235    248  


--------------------------RESULTADO FINAL---------------------------------------

Cliente atendido: 4

Numero do barbeiro: 2

Tempo decorrido:63.00


String inicial:

  247    142    47    216    98    193    93    88    102    17    234    67    218    48    111    171    34    5    18    222    182    112    87    134    177    121    178    237    95    47  

String ordenada:

  5    17    18    34    47    47    48    67    87    88    93    95    98    102    111    112    121    134    142    171    177    178    182    193    216    218    222    234    237    247  


--------------------------RESULTADO FINAL---------------------------------------

Cliente atendido: 6

Numero do barbeiro: 1

Tempo decorrido:56.00


String inicial:

  12    162    67    236    118    213    113    108    122    37    254    87    238    68    131    191    54    25    38    242    202    132    107    154    197    141    198    2    115    67    9    92    193    167    164    147    216    113    220    48    114    55    226    189    214    67    216    105    183    90  

String ordenada:

  2    9    12    25    37    38    48    54    55    67    67    67    68    87    90    92    105    107    108    113    113    114    115    118    122    131    132    141    147    154    162    164    167    183    189    191    193    197    198    202    213    214    216    216    220    226    236    238    242    254  


--------------------------RESULTADO FINAL---------------------------------------

Cliente atendido: 3

Numero do barbeiro: 2

Tempo decorrido:70.00


String inicial:

  240    135    40    209    91    186    86    81    95    10    227    60    211    41    104    164    27    253    11    215    175    105    80  

String ordenada:

  10    11    27    40    41    60    80    81    86    91    95    104    105    135    164    175    186    209    211    215    227    240    253  


--------------------------RESULTADO FINAL---------------------------------------

Cliente atendido: 7

Numero do barbeiro: 2

Tempo decorrido:81.00


String inicial:

  25    175    80    249    131    226    126    121    135    50    12    100    251    81    144    204    67    38    51    0    215    145    120    167    210    154    211    15    128    80    22    105    206    180    177    160    229    126    233    61    127    68    239    202    227    80    229    118    196    103    69    234    199    140    224    106    245    132    199    70    163    45    253  

String ordenada:

  0    12    15    22    25    38    45    50    51    61    67    68    69    70    80    80    80    81    100    103    105    106    118    120    121    126    126    127    128    131    132    135    140    144    145    154    160    163    167    175    177    180    196    199    199    202    204    206    210    211    215    224    226    227    229    229    233    234    239    245    249    251    253  


--------------------------RESULTADO FINAL---------------------------------------

Cliente atendido: 5

Numero do barbeiro: 2

Tempo decorrido:156.00


String inicial:

  1    151    56    225    107    202    102    97    111    26    243    76    227    57    120    180    43    14    27    231    191    121    96    143    186    130    187    246    104    56    253    81    182    156    153    136    205    102    209  

String ordenada:

  1    14    26    27    43    56    56    57    76    81    96    97    102    102    104    107    111    120    121    130    136    143    151    153    156    180    182    186    187    191    202    205    209    225    227    231    243    246    253  


--------------------------RESULTADO FINAL---------------------------------------

Cliente atendido: 11

Numero do barbeiro: 2

Tempo decorrido:92.00


String inicial:

  97    247    152    66    203    43    198    193    207    122    84    172    68    153    216    21    139    110    123    72    32    217    192    239    27    226    28    87    200    152    94    177    23    252    249    232    46    198    50    133    199    140    56    19    44    152    46    190    13    175    141    51    16    212    41    178    62    204    16    142    235    117    70    9    120    70    121    46    19    177    185    224    68    120    122    247    23    174    61    171    228    208    101    124    45    22    53    113    232    75    6    218    198    82    233    198    158    105    250    56    33    59    32    236    185    33    234    88    87    46    138    66    5    245    69    184    18    1    49    1    83    61    98    160    23    211    237    187    67    111    123    235    176    161    95  

String ordenada:

  1    1    5    6    9    13    16    16    18    19    19    21    22    23    23    23    27    28    32    32    33    33    41    43    44    45    46    46    46    46    49    50    51    53    56    56    59    61    61    62    66    66    67    68    68    69    70    70    72    75    82    83    84    87    87    88    94    95    97    98    101    105    110    111    113    117    120    120    121    122    122    123    123    124    133    138    139    140    141    142    152    152    152    153    158    160    161    171    172    174    175    176    177    177    178    184    185    185    187    190    192    193    198    198    198    198    199    200    203    204    207    208    211    212    216    217    218    224    226    228    232    232    233    234    235    235    236    237    239    245    247    247    249    250    252  


--------------------------RESULTADO FINAL---------------------------------------

Cliente atendido: 10

Numero do barbeiro: 2

Tempo decorrido:191.00


String inicial:

  76    226    131    45    182    22    177    172    186    101    63    151    47    132    195    0    118    89    102    51    11    196    171    218    6    205    7    66    179    131    73    156    2    231    228    211    25    177    29    112    178    119    35    253    23    131    25    169    247    154    120    30    250    191    20    157    41    183    250    121    214    96    49    243    99    49    100    25    253    156    164    203    47    99    101    226    2    153    40    150    207    187    80    103    24    1    32    92    211    54    240    197    177    61    212    177    137    84    229    35    12    38    11    215    164    12    213    67    66    25    117    45    239    224  

String ordenada:

  0    1    2    2    6    7    11    11    12    12    20    22    23    24    25    25    25    25    29    30    32    35    35    38    40    41    45    45    47    47    49    49    51    54    61    63    66    66    67    73    76    80    84    89    92    96    99    99    100    101    101    102    103    112    117    118    119    120    121    131    131    131    132    137    150    151    153    154    156    156    157    164    164    169    171    172    177    177    177    177    178    179    182    183    186    187    191    195    196    197    203    205    207    211    211    212    213    214    215    218    224    226    226    228    229    231    239    240    243    247    250    250    253    253  


--------------------------RESULTADO FINAL---------------------------------------

Cliente atendido: 16

Numero do barbeiro: 2

Tempo decorrido:228.00


String inicial:

  232    127    32    201    83    178    78    73    87    2    219    52    203    33    96    156    19    245    3    207    167    97    72    119    162    106    163    222    80    32    229    57    158    132    129    112    181    78    185    13    79    20    191    154    179    32    181    70    148    55    21    186    151    92    176    58    197    84    151    22    115    252    205    144    0    205    1    181    154    57    65    104    203    0    2    127    158    54    196    51    108    88    236    4    180    157    188    248    112    210    141    98    78    217    113    78    38    240    130    191    168    194    167    116    65    168    114    223    222    181    18    201    140    125    204    64    153    136    184    136    218    196    233    40    158    91    117    67    202    246    3    115    56    41    230    121    80    215    215    46    12    232    119    151    228    67    87    253    75    142    133    37    82    238    76    239    73    65    51    19    182    180    5    110    220    234    230    44    65    189    217    203    37    80    99    136    18    57    133    92    198    11    128    24    248    76    135    192    12    185    82    193    236    87    47    72    192    148    242    129    208    75    76    244    26    174    125    44    102    2    7    44    139    135    68    131    82    202    194    93    3    21    157    110    107    204    53    170    223    39    43    176    114    119    36    139    164    32    54    11    161    61    54    44    67    248    47    148    66    240    112    195    5    13    49    238    88    101    153    56    12    195    231    125    58    11    135    222    43    189  

String ordenada:

  0    0    1    2    2    2    3    3    3    4    5    5    7    11    11    11    12    12    12    13    13    18    18    19    19    20    21    21    22    24    26    32    32    32    32    33    36    37    37    38    39    40    41    43    43    44    44    44    44    46    47    47    49    51    51    52    53    54    54    54    55    56    56    57    57    57    58    58    61    64    65    65    65    65    66    67    67    67    68    70    72    72    73    73    75    75    76    76    76    78    78    78    78    79    80    80    80    82    82    82    83    84    87    87    87    88    88    91    92    92    93    96    97    98    99    101    102    104    106    107    108    110    110    112    112    112    113    114    114    115    115    116    117    119    119    119    121    125    125    125    127    127    128    129    129    130    131    132    133    133    135    135    135    136    136    136    139    139    140    141    142    144    148    148    148    151    151    151    153    153    154    154    156    157    157    158    158    158    161    162    163    164    167    167    168    168    170    174    176    176    178    179    180    180    181    181    181    181    182    184    185    185    186    188    189    189    191    191    192    192    193    194    194    195    195    196    196    197    198    201    201    202    202    203    203    203    204    204    205    205    207    208    210    215    215    217    217    218    219    220    222    222    222    223    223    228    229    230    230    231    232    232    233    234    236    236    238    238    239    240    240    242    244    245    246    248    248    248    252    253  


--------------------------RESULTADO FINAL---------------------------------------

Cliente atendido: 12

Numero do barbeiro: 1

Tempo decorrido:377.00


String inicial:

  120    15    175    89    226    66    221    216    230    145    107    195    91    176    239    44    162    133    146    95    55    240    215    7    50    249    51    110    223    175    117    200    46    20    17    0    69    221    73    156    222    163    79    42    67    175    69    213    36    198    164    74    39    235    64    201    85    227    39    165    3    140    93    32    143    93    144    69    42    200    208    247    91    143    145    15    46    197    84    194    251    231    124    147    68    45    76    136    0    98    29    241    221    105    1    221    181    128    18    79    56    82    55    4    208    56    2    111    110    69    161    89    28    13    92    207    41    24    72    24    106    84    121    183    46    234    5    210    90    134    146    3    199    184    118    9    223    103    103    189    155    120    7    39    116    210    230    141    218    30    21    180    225    126    219    127    216    208  

String ordenada:

  0    0    1    2    3    3    4    5    7    7    9    13    15    15    17    18    20    21    24    24    28    29    30    32    36    39    39    39    41    42    42    44    45    46    46    46    50    51    55    55    56    56    64    66    67    68    69    69    69    69    72    73    74    76    79    79    82    84    84    85    89    89    90    91    91    92    93    93    95    98    103    103    105    106    107    110    110    111    116    117    118    120    120    121    124    126    127    128    133    134    136    140    141    143    143    144    145    145    146    146    147    155    156    161    162    163    164    165    175    175    175    176    180    181    183    184    189    194    195    197    198    199    200    200    201    207    208    208    208    210    210    213    215    216    216    218    219    221    221    221    221    222    223    223    225    226    227    230    230    231    234    235    239    240    241    247    249    251  


--------------------------RESULTADO FINAL---------------------------------------

Cliente atendido: 14

Numero do barbeiro: 2

Tempo decorrido:359.00


String inicial:

  172    67    227    141    23    118    18    13    27    197    159    247    143    228    36    96    214    185    198    147    107    37    12    59    102    46    103    162    20    227    169    252    98    72    69    52    121    18    125    208    19    215    131    94    119    227    121    10    88    250    216    126    91    32    116    253    137    24    91    217    55    192    145    84    195    145    196    121    94    252    5    44    143    195    197    67    98    249    136    246    48    28    176    199    120    97    128    188    52    150    81    38    18    157    53    18    233    180    70    131    108    134    107    56    5    108    54    163    162    121    213    141    80    65    144    4    93    76    124    76    158    136    173    235    98    31    57    7    142    186    198    55    251    236    170    61    20    155    155    241    207    172    59    91    168    7    27    193    15    82    73    232    22    178    16    179    13    5    246    214    122    120    200    50    160    174    170    239    5    129    157    143    232    20    39    76    213    252    73    32    138    206    68    219    188    16    75    132    207    125    22    133    176    27    242    12    132    88    182    69    148    15    16    184    221    114    65    239    42    197  

String ordenada:

  4    5    5    5    5    7    7    10    12    12    13    13    15    15    16    16    16    18    18    18    18    19    20    20    20    22    22    23    24    27    27    27    28    31    32    32    36    37    38    39    42    44    46    48    50    52    52    53    54    55    55    56    57    59    59    61    65    65    67    67    68    69    69    70    72    73    73    75    76    76    76    80    81    82    84    88    88    91    91    91    93    94    94    96    97    98    98    98    102    103    107    107    108    108    114    116    118    119    120    120    121    121    121    121    122    124    125    125    126    128    129    131    131    132    132    133    134    136    136    137    138    141    141    142    143    143    143    144    145    145    147    148    150    155    155    157    157    158    159    160    162    162    163    168    169    170    170    172    172    173    174    176    176    178    179    180    182    184    185    186    188    188    192    193    195    195    196    197    197    197    198    198    199    200    206    207    207    208    213    213    214    214    215    216    217    219    221    227    227    227    228    232    232    233    235    236    239    239    241    242    246    246    247    249    250    251    252    252    252    253  


--------------------------RESULTADO FINAL---------------------------------------

Cliente atendido: 18

Numero do barbeiro: 1

Tempo decorrido:382.00


String inicial:

  45    195    100    14    151    246    146    141    155    70    32    120    16    101    164    224    87    58    71    20    235    165    140    187    230    174    231    35    148    100    42    125    226    200    197    180    249    146    253    81    147    88    4    222    247    100    249    138    216    123    89    254    219    160    244    126    10    152    219    90    183    65    18    212    68    18    69    249    222    125    133    172    16    68    70    195    226    122    9    119    176    156    49    72    248    225    1    61    180    23    209    166    146    30    181    146    106    53    198    4    236    7    235    184    133    236    182    36    35    249    86    14    208    193    17    132    221    204    252    204    31    9    46    108    226    159    185    135    15    59    71    183    124    109    43    189    148    28    28    114    80    45    187    219    41    135    155    66    143    210    201    105    150    51    144    52    141    133    119    87    250    248    73    178    33    47    43    112    133    2    30    16    105    148    167    204    86    125    201    160    11    79    196    92    61    144    203    5    80    253    150    6    49    155    115    140    5    216    55    197    21    143    144    57    94    242    193    112    170    70    75    112    207    203    136    199    150    15    7    161    71    89    225    178    175    17    121    238    36    107    111    244    182    187    104    207    232    100    122    79    229    129    122    112    135    61    115    216    134    53    180    8    73    81    117    51    156    169    221    124    80    8    44    193    126    79    203    35    111    2    172    143    189    225    186    0    90    232    147    155    89    130    95    93    142    15    203    230    243    100    30    254    166    132    250    96    14    1    189    56    61    37    2    181    65    120    112    86    155    62    173    175    123    71    72    69    17    206    230    63    109    63    248    206    126    46    233    71    234    98    186    226    193    119    211    190    42    126  

String ordenada:

  0    1    1    2    2    2    4    4    5    5    6    7    7    8    8    9    9    10    11    14    14    14    15    15    15    16    16    16    17    17    17    18    18    20    21    23    28    28    30    30    30    31    32    33    35    35    35    36    36    37    41    42    42    43    43    44    45    45    46    46    47    49    49    51    51    52    53    53    55    56    57    58    59    61    61    61    61    62    63    63    65    65    66    68    68    69    69    70    70    70    71    71    71    71    71    72    72    73    73    75    79    79    79    80    80    80    81    81    86    86    86    87    87    88    89    89    89    90    90    92    93    94    95    96    98    100    100    100    100    100    101    104    105    105    106    107    108    109    109    111    111    112    112    112    112    112    114    115    115    117    119    119    119    120    120    121    122    122    122    123    123    124    124    125    125    125    126    126    126    126    129    130    132    132    133    133    133    133    134    135    135    135    136    138    140    140    141    141    142    143    143    143    144    144    144    146    146    146    146    147    147    148    148    148    150    150    150    151    152    155    155    155    155    155    156    156    159    160    160    161    164    165    166    166    167    169    170    172    172    173    174    175    175    176    178    178    180    180    180    181    181    182    182    183    183    184    185    186    186    187    187    187    189    189    189    190    193    193    193    193    195    195    196    197    197    198    199    200    201    201    203    203    203    203    204    204    204    206    206    207    207    208    209    210    211    212    216    216    216    219    219    219    221    221    222    222    224    225    225    225    226    226    226    226    229    230    230    230    231    232    232    233    234    235    235    236    236    238    242    243    244    244    246    247    248    248    248    249    249    249    249    250    250    252    253    253    254    254  


--------------------------RESULTADO FINAL---------------------------------------

Cliente atendido: 13

Numero do barbeiro: 2

Tempo decorrido:583.00


String inicial:

  145    40    200    114    251    91    246    241    0    170    132    220    116    201    9    69    187    158    171    120    80    10    240    32    75    19    76    135    248    200    142    225    71    45    42    25    94    246    98    181    247    188    104    67    92    200    94    238    61    223    189    99    64    5    89    226    110    252    64    190    28    165    118    57    168    118    169    94    67    225    233    17    116    168    170    40    71    222    109    219    21    1    149    172    93    70    101    161    25    123    54    11    246    130    26    246    206    153    43    104    81    107    80    29    233    81    27    136    135    94    186    114    53    38    117    232    66    49    97    49    131    109    146    208    71    4    30    235    115    159    171    28    224    209    143    34    248    128    128    214    180    145    32    64    141    235    0    166    243    55    46    205    250    151    244    152    241    233    219    187    95    93    173    23    133    147    143    212    233    102    130    116    205    248    12    49    186    225    46    5    111    179    41  

String ordenada:

  0    0    1    4    5    5    9    10    11    12    17    19    21    23    25    25    26    27    28    28    29    30    32    32    34    38    40    40    41    42    43    45    46    46    49    49    49    53    54    55    57    61    64    64    64    66    67    67    69    70    71    71    71    75    76    80    80    81    81    89    91    92    93    93    94    94    94    94    95    97    98    99    101    102    104    104    107    109    109    110    111    114    114    115    116    116    116    117    118    118    120    123    128    128    130    130    131    132    133    135    135    136    141    142    143    143    145    145    146    147    149    151    152    153    158    159    161    165    166    168    168    169    170    170    171    171    172    173    179    180    181    186    186    187    187    188    189    190    200    200    200    201    205    205    206    208    209    212    214    219    219    220    222    223    224    225    225    225    226    232    233    233    233    233    235    235    238    240    241    241    243    244    246    246    246    246    247    248    248    248    250    251    252  


--------------------------RESULTADO FINAL---------------------------------------

Cliente atendido: 17

Numero do barbeiro: 3

Tempo decorrido:519.00


String inicial:

  10    160    65    234    116    211    111    106    120    35    252    85    236    66    129    189    52    23    36    240    200    130    105    152    195    139    196    0    113    65    7    90    191    165    162    145    214    111    218    46    112    53    224    187    212    65    214    103    181    88    54    219    184    125    209    91    230    117    184    55    148    30    238    177    33    238    34    214    187    90    98    137    236    33    35    160    191    87    229    84    141    121    14    37    213    190    221    26    145    243    174    131    111    250    146    111    71    18    163    224    201    227    200    149    98    201    147    1    0    214    51    234    173    158    237    97    186    169    217    169    251    229    11    73    191    124    150    100    235    24    36    148    89    74    8    154    113    248    248    79    45    10    152    184    6    100    120    31    108    175    166    70    115    16    109    17    106    98    84    52    215    213    38    143    253    12    8    77    98    222    250    236    70    113    132    169    51    90    166    125    231    44    161    57    26    109    168    225    45    218    115    226    14    120    80    105    225    181    20    162    241    108    109    22    59    207    158    77    135    35    40    77    172    168    101    164    115    235    227    126    36    54    190    143    140    237    86    203    1    72    76    209    147    152    69    172    197    65    87    44    194    94    87    77    100    26    80    181    99    18    145    228    38    46    82    16    121    134    186    89    45    228    9    158    91    44    168    0    76    222    137    108    154    190    151    220    55    197    112    120    54    95    60    58    107    235    168    195    208    65    250    219    131    97    215    61    234    221    154    21    26    2    222  

String ordenada:

  0    0    0    1    1    2    6    7    8    8    9    10    10    11    12    14    14    16    16    17    18    18    20    21    22    23    24    26    26    26    26    30    31    33    33    34    35    35    35    36    36    36    37    38    38    40    44    44    44    45    45    45    46    46    51    51    52    52    53    54    54    54    55    55    57    58    59    60    61    65    65    65    65    65    66    69    70    70    71    72    73    74    76    76    77    77    77    77    79    80    80    82    84    84    85    86    87    87    87    88    89    89    90    90    90    91    91    94    95    97    97    98    98    98    98    99    100    100    100    101    103    105    105    106    106    107    108    108    108    109    109    109    111    111    111    111    112    112    113    113    113    115    115    115    116    117    120    120    120    120    121    121    124    125    125    126    129    130    131    131    132    134    135    137    137    139    140    141    143    143    145    145    145    146    147    147    148    148    149    150    151    152    152    152    154    154    154    158    158    158    160    160    161    162    162    163    164    165    166    166    168    168    168    168    169    169    169    172    172    173    174    175    177    181    181    181    184    184    184    186    186    187    187    189    190    190    190    191    191    191    194    195    195    196    197    197    200    200    201    201    203    207    208    209    209    211    212    213    213    214    214    214    214    215    215    217    218    218    219    219    220    221    221    222    222    222    224    224    225    225    226    227    227    228    228    229    229    230    231    234    234    234    235    235    235    236    236    236    237    237    238    238    240    241    243    248    248    250    250    250    251    252    253  


--------------------------RESULTADO FINAL---------------------------------------

Cliente atendido: 9

Numero do barbeiro: 2

Tempo decorrido:568.00


String inicial:

  57    207    112    26    163    3    158    153    167    82    44    132    28    113    176    236    99    70    83    32    247    177    152    199    242    186    243    47    160    112    54    137    238    212    209    192    6    158    10    93    159    100    16    234    4    112    6    150    228    135    101    11    231    172    1    138    22    164    231    102    195    77    30    224    80    30    81    6    234    137    145    184    28    80    82    207    238    134    21    131    188    168    61    84    5    237    13    73    192    35    221    178    158    42    193  

String ordenada:

  1    3    4    5    6    6    6    10    11    13    16    21    22    26    28    28    30    30    32    35    42    44    47    54    57    61    70    73    77    80    80    81    82    82    83    84    93    99    100    101    102    112    112    112    113    131    132    134    135    137    137    138    145    150    152    153    158    158    158    159    160    163    164    167    168    172    176    177    178    184    186    188    192    192    193    195    199    207    207    209    212    221    224    228    231    231    234    234    236    237    238    238    242    243    247  


--------------------------RESULTADO FINAL---------------------------------------

Cliente atendido: 20

Numero do barbeiro: 1

Tempo decorrido:521.00


String inicial:

  121    16    176    90    227    67    222    217    231    146    108    196    92    177    240    45    163    134    147    96    56    241    216    8    51    250    52    111    224    176    118    201    47    21    18    1    70    222    74    157    223    164    80    43    68    176    70    214    37    199    165    75    40    236    65    202    86    228    40    166    4    141    94    33    144    94    145    70    43    201    209    248    92    144    146    16    47    198    85    195    252    232    125    148    69    46    77    137    1    99    30    242    222    106    2    222    182    129    19    80    57    83    56    5    209    57    3    112    111    70    162    90    29    14    93    208    42    25    73    25    107    85    122    184    47    235    6    211    91    135    147    4    200    185    119    10    224    104    104    190    156    121    8    40    117    211    231    142    219    31    22    181    226    127    220    128    217    209    195    163    71    69    149    254    109    123    119    188    209    78    106    92    181    224    243    25    162    201    22    236    87    155    17    168    137    220    24    81    156    74    226    82    125    231    191    216    81    37    131    18    97    219    220    133    170    63    14    188    246    146    151    188    28    24    212    20    226    91    83    237    147    165    46    254    251    93    197    59    112    183    187    65    3    8    180    28    53    176    198    155    50    205    198    188    211    137    191    37    210    129    1    84    149    157    193    127    232    245    42    200    156    84    120    14    202    155    24    111    187    78    248    219    10    46    7    76    166    53    223    231    165    206    171    169    218    91    24    51    64    176    106    75    242    208    71    172    90    77    10    132    137    113    78    2    141    196    188    162    231    138    249    251    199    147    148    145    93    27    51    139    185    139    69    27    202    122    54    147    55    174    7    47    14    195    32    11    118    202    28    77    68    132    183    249    6    58    249    82    195    27    76    107    148    128    245    205    105    26    80    142    183    69    172    52    246    59    173    92    116    57    24    166    171    62    16    33    231    120    97    153    130    28    116    133    11    88    66    227    224    128    224    7    179    251    42    25    37    70    227    136    109    106    157    136    151    28    151    109    131    103    117    243    241    215  

String ordenada:

  1    1    1    2    2    3    3    4    4    5    6    6    7    7    7    8    8    8    10    10    10    11    11    14    14    14    14    16    16    16    17    18    18    19    20    21    22    22    24    24    24    24    24    25    25    25    25    26    27    27    27    28    28    28    28    28    29    30    31    32    33    33    37    37    37    37    40    40    40    42    42    42    43    43    45    46    46    46    47    47    47    47    50    51    51    51    52    52    53    53    54    55    56    56    57    57    57    58    59    59    62    63    64    65    65    66    67    68    68    69    69    69    69    70    70    70    70    70    71    71    73    74    74    75    75    76    76    77    77    77    78    78    78    80    80    80    81    81    82    82    83    83    84    84    85    85    86    87    88    90    90    90    91    91    91    92    92    92    92    93    93    93    94    94    96    97    97    99    103    104    104    105    106    106    106    106    107    107    108    109    109    109    111    111    111    112    112    113    116    116    117    117    118    118    119    119    120    120    121    121    122    122    123    125    125    127    127    128    128    128    129    129    130    131    131    132    132    133    133    134    135    136    136    137    137    137    137    138    139    139    141    141    142    142    144    144    145    145    146    146    146    147    147    147    147    147    148    148    148    149    149    151    151    151    153    155    155    155    156    156    156    157    157    157    162    162    162    163    163    164    165    165    165    166    166    166    168    169    170    171    171    172    172    173    174    176    176    176    176    176    177    179    180    181    181    182    183    183    183    184    185    185    187    187    188    188    188    188    188    190    191    191    193    195    195    195    195    196    196    197    198    198    198    199    199    200    200    201    201    201    202    202    202    202    205    205    206    208    208    209    209    209    209    210    211    211    211    212    214    215    216    216    217    217    218    219    219    219    220    220    220    222    222    222    222    223    223    224    224    224    224    224    226    226    226    227    227    227    228    231    231    231    231    231    231    232    232    235    236    236    237    240    241    241    242    242    243    243    245    245    246    246    248    248    249    249    249    250    251    251    251    252    254    254  


--------------------------RESULTADO FINAL---------------------------------------

Cliente atendido: 21

Numero do barbeiro: 2

Tempo decorrido:658.00


String inicial:

  162    57    217    131    13    108    8    3    17    187    149    237    133    218    26    86    204    175    188    137    97    27    2    49    92    36    93    152    10    217    159    242    88    62    59    42    111    8    115    198    9    205    121    84    109    217    111    0    78    240    206    116    81    22    106    243    127    14    81    207    45    182    135    74    185    135    186    111    84    242    250    34    133    185    187    57    88    239    126    236    38    18    166    189    110    87    118    178    42    140    71    28    8    147    43    8    223    170    60    121    98    124    97    46    250    98    44    153    152    111    203    131    70    55    134    249    83    66    114    66    148    126    163    225    88    21    47    252    132    176    188    45    241    226    160    51    10    145    145    231    197    162    49    81    158    252    17    183    5    72    63    222    12    168    6    169    3    250    236    204    112    110    190    40    150    164    160    229    250    119    147    133    222    10    29    66    203    242    63    22    128    196    58    209    178    6    65    122    197    115    12    123    166    17    232    2    122    78    172    59    138    5    6    174    211    104    55    229    32    187    192    229    69    65    253    61    12    132    124    23    188    206    87    40    37    134    238    100    153    224    228    106    44    49    221    69    94    217    239    196    91    246    239    229    252    178    232    78    251    170    42    125    190    198    234    168    18    31    83    241    197    125    161    55    243    196    65    152    228    119    34    5    51    87    48    117    207    94    9    17    206    247    212    210    4    132    65    92    105    217    147    116    28    249    112    213    131    118    51    173    178    154    119    43    182    237    229    203    17    179    35    37    240    188    189    186    134    68    92    180    226    180    110    68    243    163    95    188    96    215    48    88    55    236    73    52    159    243    69    118    109    173    224    35    47    99    35    123    236    68    117    148    189    169    31    246    146    67    121    183    224    110    213    93    32    100    214    133    157    98    65    207    212    103    57    74    17    161    138    194    171    69    157    174    52    129    107    13    10    169    10    48    220    37    83    66    78    111    13    177    150    147    198    177    192    69    192    150    172    144    158    29    27    1    17    21    199    65    103    24    175    54    13    209    33    165    90    180    218    44    43    182    6    56    173    139    66    51    103    179    9    75    22    233    18    236    68    31    115    112    251    105    107    79    128  

String ordenada:

  0    1    2    2    3    3    4    5    5    5    6    6    6    6    8    8    8    8    9    9    9    10    10    10    10    10    12    12    12    13    13    13    13    14    17    17    17    17    17    17    17    18    18    18    21    21    22    22    22    23    24    26    27    27    28    28    29    29    31    31    31    32    32    33    34    34    35    35    35    36    37    37    37    38    40    40    42    42    42    43    43    43    44    44    44    45    45    46    47    47    48    48    48    49    49    49    51    51    51    51    52    52    54    55    55    55    55    56    57    57    57    58    59    59    60    61    62    63    63    65    65    65    65    65    65    66    66    66    66    66    67    68    68    68    68    69    69    69    69    69    70    71    72    73    74    74    75    78    78    78    78    79    81    81    81    83    83    83    84    84    86    87    87    87    88    88    88    88    90    91    92    92    92    93    93    94    94    95    96    97    97    98    98    98    99    100    100    103    103    103    104    105    105    106    106    107    107    108    109    109    110    110    110    110    111    111    111    111    111    112    112    112    114    115    115    115    116    116    117    117    118    118    118    119    119    119    121    121    121    122    122    123    123    124    124    125    125    126    126    127    128    128    129    131    131    131    132    132    132    133    133    133    133    134    134    134    135    135    137    138    138    139    140    144    145    145    146    147    147    147    147    148    148    149    150    150    150    152    152    152    153    153    154    157    157    158    158    159    159    160    160    161    161    162    162    163    163    164    165    166    166    168    168    169    169    169    170    170    171    172    172    173    173    173    174    174    175    175    176    177    177    178    178    178    178    179    179    180    180    180    182    182    182    183    183    185    185    186    186    187    187    187    188    188    188    188    188    189    189    189    190    190    192    192    192    194    196    196    196    197    197    197    198    198    198    199    203    203    203    204    204    205    206    206    206    207    207    207    209    209    210    211    212    212    213    213    214    215    217    217    217    217    217    218    218    220    221    222    222    223    224    224    224    225    226    226    228    228    229    229    229    229    229    231    232    232    233    234    236    236    236    236    236    237    237    238    239    239    239    240    240    241    241    242    242    242    243    243    243    243    246    246    247    249    249    250    250    250    250    251    251    252    252    252    253  


--------------------------RESULTADO FINAL---------------------------------------

Cliente atendido: 24

Numero do barbeiro: 3

Tempo decorrido:679.00


String inicial:

  42    192    97    11    148    243    143    138    152    67    29    117    13    98    161    221    84    55    68    17    232    162    137    184    227    171    228    32    145    97    39    122    223    197    194    177    246    143    250    78    144    85    1    219    244    97    246    135    213    120    86    251    216    157    241    123    7    149    216    87    180    62    15    209    65    15    66    246    219    122    130    169    13    65    67    192    223    119    6    116    173    153    46    69    245    222    253    58    177    20    206    163    143    27    178    143    103    50    195    1    233    4    232    181    130    233    179    33    32    246    83    11    205    190    14    129    218    201    249    201    28    6    43    105    223    156    182    132    12    56    68    180    121    106    40    186    145    25    25    111    77    42    184    216    38    132    152    63    140    207    198    102    147    48    141    49    138    130    116    84    247    245    70    175    30    44    40    109    130    254    27    13    102    145    164    201    83    122    198    157    8    76    193    89    58    141    200    2    77    250    147    3    46    152    112    137    2    213    52    194    18    140    141    54    91    239    190    109    167    67    72    109    204    200    133    196    147    12    4    158    68    86    222    175    172    14    118    235    33    104    108    241    179    184    101    204    229    97    119    76    226    126    119    109    132    58    112    213    131    50    177    5    70    78    114    48    153    166    218    121    77    5    41    190    123    76    200    32    108    254    169    140    186    222    183    252    87    229    144    152    86    127    92    90    139    12    200    227    240    97    27    251    163    129    247    93    11    253    186    53    58    34    254    178    62    117    109    83    152    59    170    172    120    68    69    66    14    203    227    60    106    60    245    203    123    43    230    68    231    95    183    223    190    116    208    187    39    123    204    253    244    53    104    170    182    234    170    3    116    203    252    28    69    49    166    126    26    202    1    63    104    245    93    228    167    235    94    13    37    233    200    87    92    238    192    209    152    41    18    74    51    204    37    54    187    9    242    148    145    49    145    183    100    172    218    201    213    246    148    57    30    27    78    57    72    204    72    30    52    24    38    164    162    136    152    156    79    200    238    159    55    189    148    89    168    45    225    60    98    179    178    62    141    191    53    19    201    186    238    59    144    210    157    113    153    116    203    166    250    247    131    240    242    214    8    89    65    39    211    97    153    68    94    228    65    208    53    73    74    225    66    152    241    158    199    73    208    208    174    137    134    239    183    56    4    253    206    4    226    96    162    58    226    190    92    97    78    79    104    86    238    105    44    31    197    50    38    211    192    146    27    6    192    17    123    130    204    8    195    109    166    37    229    71    33    0    102    45    141    13    192    185    52    43    150    55    27    123    200    153    75    33    220    73    239    149    10    122    92    139    38    64    237    201    69    205    7    232    184    82    179    183    202    37    160    31    26    121    215    32    80    225    0    107    232    173    190    176    102    88    122    201    86    38    208    216    177    149    0    168  

String ordenada:

  0    0    0    1    1    1    2    2    3    3    4    4    4    4    5    5    6    6    6    7    7    8    8    8    9    10    11    11    11    12    12    12    13    13    13    13    13    14    14    14    15    15    17    17    18    18    19    20    24    25    25    26    26    27    27    27    27    27    27    28    28    29    30    30    30    31    31    32    32    32    32    33    33    33    33    34    37    37    37    37    38    38    38    38    38    39    39    39    40    40    41    41    42    42    43    43    43    44    44    45    45    46    46    48    48    49    49    49    50    50    50    51    52    52    52    53    53    53    53    54    54    55    55    55    56    56    57    57    58    58    58    58    58    59    59    60    60    60    62    62    62    63    63    64    65    65    65    65    66    66    66    67    67    67    68    68    68    68    68    68    69    69    69    69    70    70    71    72    72    72    73    73    73    74    74    75    76    76    76    77    77    77    78    78    78    78    79    79    80    82    83    83    83    84    84    85    86    86    86    86    86    87    87    87    88    89    89    89    90    91    92    92    92    92    93    93    94    94    95    96    97    97    97    97    97    97    97    98    98    100    101    102    102    102    102    103    104    104    104    104    105    105    106    106    107    108    108    109    109    109    109    109    109    111    112    112    113    114    116    116    116    116    116    117    117    118    119    119    119    120    120    121    121    121    122    122    122    122    122    123    123    123    123    123    123    126    126    127    129    129    130    130    130    130    130    131    131    132    132    132    133    134    135    136    137    137    137    138    138    139    139    140    140    140    141    141    141    141    141    143    143    143    143    144    144    144    145    145    145    145    145    146    147    147    147    148    148    148    148    149    149    149    150    152    152    152    152    152    152    152    152    153    153    153    153    153    156    156    157    157    157    158    158    159    160    161    162    162    162    163    163    164    164    166    166    166    166    167    167    168    168    169    169    170    170    170    171    172    172    172    173    173    174    175    175    176    177    177    177    177    178    178    178    179    179    179    179    180    180    181    182    182    183    183    183    183    183    184    184    184    184    185    186    186    186    186    187    187    189    190    190    190    190    190    190    191    192    192    192    192    192    192    193    194    194    195    195    196    197    197    198    198    199    200    200    200    200    200    200    200    201    201    201    201    201    201    201    202    202    203    203    203    203    204    204    204    204    204    204    205    205    206    206    207    208    208    208    208    208    209    209    210    211    211    213    213    213    213    214    215    216    216    216    216    218    218    218    219    219    220    221    222    222    222    223    223    223    223    225    225    225    226    226    226    227    227    227    228    228    228    229    229    229    230    231    232    232    232    232    233    233    233    234    235    235    237    238    238    238    238    239    239    239    240    240    241    241    241    242    242    243    244    244    245    245    245    245    246    246    246    246    246    247    247    247    249    250    250    250    251    251    252    252    253    253    253    253    254    254    254  


--------------------------RESULTADO FINAL---------------------------------------

Cliente atendido: 23

Numero do barbeiro: 2

Tempo decorrido:727.00


String inicial:

  250    145    50    219    101    196    96    91    105    20    237    70    221    51    114    174    37    8    21    225    185    115    90    137    180    124    181    240    98    50    247    75    176    150    147    130    199    96    203    31    97    38    209    172    197    50    199    88    166    73    39    204    169    110    194    76    215    102    169    40    133    15    223    162    18    223    19    199    172    75    83    122    221    18    20    145    176    72    214    69    126    106    254    22    198    175    206    11    130    228    159    116    96    235    131    96    56    3    148    209    186    212    185    134    83    186    132    241    240    199    36    219    158    143    222    82    171    154    202    154    236    214    251    58    176    109    135    85    220    9    21    133    74    59    248    139    98    233    233    64    30    250    137    169    246    85    105    16    93    160    151    55    100    1    94    2    91    83    69    37    200    198    23    128    238    252    248    62    83    207    235    221    55    98    117    154    36    75    151    110    216    29    146    42    11    94    153    210    30    203    100    211    254    105    65    90    210    166    5    147    226    93    94    7    44    192    143    62    120    20    25    62    157    153    86    149    100    220    212    111    21    39    175    128    125    222    71    188    241    57    61    194    132    137    54    157    182    50    72    29    179    79    72    62    85    11    65    166    84    3    130    213    23    31    67    1    106    119    171    74    30    213    249    143    76    29    153    240    61    207    122    93    139    175    136    205    40    182    97    105    39    80    45    43    92    220    153    180    193    50    235    204    116    82    200    46    219    206    139    6    11    242    207    131    15    70    62    36    105    12    123    125    73    21    22    19    222    156    180    13    59    13    198    156    76    251    183    21    184    48    136    176    143    69    161    140    247    76    157    206    197    6    57    123    135    187    123    211    69    156    205    236    22    2    119    79    234    155    209    16    57    198    46    181    120    188    47    221    245    186    153    40    45    191    145    162    105    249    226    27    4    157    245    7    140    217    195    101    98    2    98    136    53    125    171    154    166    199    101    10    238    235    31    10    25    157    25    238    5    232    246    117    115    89    105    109    32    153    191    112    8    142    101    42    121    253    178    13    51    132    131    15    94    144    6    227    154    139    191    12    97    163    110    66    106    69    156    119    203    200    84    193    195    167    216    42    18    247    164    50    106    21    47    181    18    161    6    26    27    178    19    105    194    111    152    26    161    161    127    90    87    192    136    9    212    206    159    212    179    49    115    11    179    143    45    50    31    32    57    39    191    58    252    239    150    3    246    164    145    99    235    214    145    225    76    83    157    216    148    62    119    245    182    24    241    208    55    253    94    221    145    138    5    251    103    8    235    76    153    106    28    241    173  

String ordenada:

  1    1    2    2    2    3    3    3    4    5    5    5    6    6    6    6    7    7    8    8    8    9    9    10    10    11    11    11    11    11    12    12    13    13    13    15    15    15    16    16    18    18    18    18    19    19    19    20    20    20    21    21    21    21    21    21    22    22    22    23    23    24    25    25    25    26    26    27    27    28    29    29    29    30    30    30    31    31    31    31    32    32    36    36    36    37    37    38    39    39    39    39    40    40    40    42    42    42    43    44    45    45    45    46    46    47    47    48    49    50    50    50    50    50    50    50    51    51    53    54    55    55    55    56    57    57    57    57    58    58    59    59    61    61    62    62    62    62    62    62    64    65    65    66    67    69    69    69    69    69    70    70    71    72    72    72    73    73    74    74    75    75    75    76    76    76    76    76    76    79    79    80    82    82    83    83    83    83    83    84    84    85    85    85    86    87    88    89    90    90    90    91    91    92    93    93    93    94    94    94    94    94    96    96    96    96    97    97    97    98    98    98    98    98    99    100    100    100    101    101    101    101    102    103    105    105    105    105    105    105    105    105    106    106    106    106    106    109    109    110    110    110    111    111    112    114    115    115    115    116    116    117    117    119    119    119    119    120    120    121    122    122    123    123    123    124    125    125    125    126    127    128    128    130    130    130    131    131    131    132    132    132    133    133    134    135    135    136    136    136    136    137    137    137    138    139    139    139    139    140    140    142    143    143    143    143    143    144    145    145    145    145    145    145    146    147    147    148    148    149    150    150    151    151    152    153    153    153    153    153    153    153    154    154    154    154    154    155    156    156    156    156    157    157    157    157    157    157    158    159    159    160    161    161    161    161    162    162    163    164    164    166    166    166    166    167    169    169    169    171    171    171    172    172    173    174    175    175    175    176    176    176    176    178    178    179    179    179    180    180    180    181    181    181    182    182    182    183    184    185    185    186    186    186    187    188    188    191    191    191    191    192    192    193    193    194    194    194    195    195    196    197    197    198    198    198    198    199    199    199    199    199    200    200    200    202    203    203    203    204    204    205    205    206    206    206    206    207    207    207    208    209    209    209    210    210    211    211    212    212    212    212    213    213    214    214    214    215    216    216    216    217    219    219    219    220    220    220    221    221    221    221    221    222    222    222    223    223    225    225    226    226    227    228    232    233    233    234    235    235    235    235    235    235    236    236    237    238    238    238    239    240    240    240    241    241    241    241    242    245    245    245    246    246    246    247    247    247    248    248    249    249    250    250    251    251    251    252    252    253    253    254    254  


--------------------------RESULTADO FINAL---------------------------------------

Cliente atendido: 8

Numero do barbeiro: 1

Tempo decorrido:1166.00


String inicial:

  40    190    95    9    146    241    141    136    150    65    27    115    11    96    159    219    82    53    66    15    230    160    135    182    225    169    226    30    143    95    37    120    221    195    192    175    244    141    248    76    142    83    254    217    242    95    244    133    211    118    84    249    214    155    239    121    5    147    214    85    178    60    13    207    63    13    64    244    217    120    128    167    11    63    65    190    221    117  

String ordenada:

  5    9    11    11    13    13    15    27    30    37    40    53    60    63    63    64    65    65    66    76    82    83    84    85    95    95    95    96    115    117    118    120    120    121    128    133    135    136    141    141    142    143    146    147    150    155    159    160    167    169    175    178    182    190    190    192    195    207    211    214    214    217    217    219    221    221    225    226    230    239    241    242    244    244    244    248    249    254  


--------------------------RESULTADO FINAL---------------------------------------

Cliente atendido: 25

Numero do barbeiro: 1

Tempo decorrido:872.00


String inicial:

  91    241    146    60    197    37    192    187    201    116    78    166    62    147    210    15    133    104    117    66    26    211    186    233    21    220    22    81    194    146    88    171    17    246    243    226    40    192    44    127    193    134    50    13    38    146    40    184    7    169    135    45    10    206    35    172    56    198    10    136    229    111    64    3    114    64    115    40    13    171    179    218    62    114    116    241    17    168    55    165    222    202    95    118    39    16    47    107    226    69    0    212    192    76    227    192    152    99    244    50    27    53    26    230    179    27    228    82    81    40    132    60    254    239    63    178    12    250    43    250    77    55    92    154    17    205    231    181    61    105    117    229    170    155    89    235    194    74    74    160    126    91    233    10    87    181    201    112    189    1    247    151    196    97    190    98    187    179    165    133    41    39    119    224    79    93    89    158    179    48    76    62    151    194    213    250    132    171    247    206    57    125    242    138    107    190    249    51    126    44    196    52    95    201    161    186    51    7    101    243    67    189    190    103    140    33    239    158    216    116    121    158    253    249    182    245    196    61    53    207    117    135    16    224    221    63    167    29    82    153    157    35    228    233    150    253    23    146    168    125    20    175    168    158    181    107    161    7    180    99    226    54    119    127    163    97    202    215    12    170    126    54    90    239    172    125    249    81    157    48    218    189    235    16    232    46    136    23    193    201    135    176    141    139    188    61    249    21    34    146    76    45    212    178    41    142    60    47    235    102    107    83    48    227    111    166    158    132    201    108    219    221    169    117    118    115    63    252    21    109    155    109    39    252    172    92    24    117    25    144    232    17    239    165    2    236    88    172    253    47    38    102    153    219    231    28    219    52    165    252    46    77    118    98    215    175    75    251    50    112    153    39    142    22    216    29    143    62    86    27    249    136    141    32    241    3    201    90    67    123    100    253    86    103    236    58    36    197    194    98    194    232    149    221    12    250    7    40    197    106    79    76    127    106    121    253    121    79    101    73    87    213    211    185    201    205    128    249    32    208    104    238    197    138    217    94    19    109    147    228    227    111    190    240    102    68    250    235    32    108    193    4    206    162    202    165    252    215    44    41    180    34    36    8    57    138    114    88    5    146    202    117    143    22    114    2    102    122    123    19    115    201    35    207    248    122    2    2    223    186    183    33    232    105    53    47    0    53    20    145    211    107    20    239    141    146    127    128    153    135    32    154    93    80    246    99    87    5    241    195    76    55    241    66    172    179    253    57    244    158    215    86    23    120    82    49    151    94    190    62    241    234    101    92    199    104    76    172    249    202    124    82    14    122    33    198    59    171    141    188    87    113    31    250    118    254    56    26    233    131    228    232    251    86    209    80    75    170    9    81    129    19    49    156    26    222    239    225    151    137    171    250    135    87    2    10    226    198    49    217    215    34    79    223    6    173    188    93    100    210    60    241    114    121    27    152    100    24    8    136    46    191    143    194    163    30    89    20    241    23    249    213    198    213    66    216    143    11    194    0    106    11    126    232    17    166    15    3    75  

String ordenada:

  0    0    0    1    2    2    2    2    2    3    3    3    4    5    5    6    7    7    7    7    8    8    9    10    10    10    10    11    11    12    12    12    13    13    14    15    15    16    16    16    17    17    17    17    17    19    19    19    20    20    20    20    21    21    21    22    22    22    23    23    23    23    24    24    25    26    26    26    26    27    27    27    27    28    29    29    30    31    32    32    32    32    33    33    33    34    34    34    35    35    35    36    36    37    38    38    39    39    39    39    40    40    40    40    40    41    41    41    43    44    44    44    45    45    46    46    46    47    47    47    47    48    48    48    49    49    49    50    50    50    51    51    52    52    53    53    53    53    54    54    55    55    55    56    56    57    57    57    58    59    60    60    60    60    61    61    61    62    62    62    62    62    63    63    63    64    64    66    66    66    67    67    68    69    73    74    74    75    75    75    76    76    76    76    76    76    77    77    78    79    79    79    79    80    80    81    81    81    81    82    82    82    82    83    86    86    86    86    87    87    87    87    87    88    88    88    89    89    89    90    90    91    91    92    92    92    93    93    93    94    94    95    95    97    97    98    98    98    99    99    99    100    100    100    101    101    101    102    102    102    102    103    103    104    104    104    105    105    106    106    106    107    107    107    107    107    108    108    109    109    109    111    111    111    112    112    113    114    114    114    114    114    115    115    115    116    116    116    117    117    117    117    117    117    118    118    118    118    119    119    120    121    121    121    121    122    122    122    123    123    124    125    125    125    126    126    126    126    127    127    127    127    128    128    129    131    132    132    132    133    133    134    135    135    135    135    135    136    136    136    136    137    138    138    138    139    140    141    141    141    141    142    142    143    143    143    143    144    145    146    146    146    146    146    146    146    147    147    149    150    151    151    151    151    152    152    153    153    153    153    154    154    155    155    156    157    157    158    158    158    158    158    158    160    161    161    162    163    163    165    165    165    165    165    166    166    166    167    168    168    168    169    169    170    170    170    171    171    171    171    171    172    172    172    172    172    172    173    175    175    176    178    178    179    179    179    179    179    180    180    181    181    181    182    183    184    185    186    186    186    187    187    188    188    188    189    189    189    190    190    190    190    190    191    192    192    192    192    193    193    193    194    194    194    194    194    194    194    195    196    196    196    197    197    197    197    198    198    198    198    199    201    201    201    201    201    201    201    201    202    202    202    202    202    205    205    206    206    206    207    207    208    209    210    210    211    211    211    212    212    213    213    213    213    215    215    215    215    215    216    216    216    217    217    218    218    219    219    219    220    221    221    221    222    222    223    223    224    224    225    226    226    226    226    227    227    227    228    228    228    228    229    229    230    231    231    232    232    232    232    232    232    233    233    233    233    234    235    235    235    235    236    236    238    239    239    239    239    239    239    240    241    241    241    241    241    241    241    241    242    243    243    244    244    245    246    246    247    247    248    249    249    249    249    249    249    249    249    250    250    250    250    250    250    250    251    251    252    252    252    252    253    253    253    253    253    253    254    254  


--------------------------RESULTADO FINAL---------------------------------------

Cliente atendido: 19

Numero do barbeiro: 3

Tempo decorrido:1040.00


String inicial:

  82    232    137    51    188    28    183    178    192    107    69    157    53    138    201    6    124    95    108    57    17    202    177    224    12    211    13    72    185    137    79    162    8    237    234    217    31    183    35    118    184    125    41    4    29    137    31    175    253    160    126    36    1    197    26    163    47    189    1    127    220    102    55    249    105    55    106    31    4    162    170    209    53    105    107    232    8    159    46    156    213    193    86    109    30    7    38    98    217    60    246    203    183    67    218    183    143    90    235    41    18    44    17    221    170    18    219    73    72    31    123    51    245    230    54    169    3    241    34    241    68    46    83    145    8    196    222    172    52    96    108    220    161    146    80    226    185    65    65    151    117    82    224    1    78    172    192    103    180    247    238    142    187    88    181    89    178    170    156    124    32    30    110    215    70    84    80    149    170    39    67    53    142    185    204    241    123    162    238    197    48    116    233    129    98    181    240    42    117    35    187    43    86    192    152    177    42    253    92    234    58    180    181    94    131    24    230    149    207    107    112    149    244    240    173    236    187    52    44    198    108    126    7    215    212    54    158    20    73    144    148    26    219    224    141    244    14    137    159    116    11    166    159    149    172    98    152    253    171    90    217    45    110    118    154    88    193    206    3    161    117    45    81    230    163    116    240    72    148    39    209    180    226    7    223    37    127    14    184    192    126    167    132    130    179    52    240    12    25    137    67    36    203    169    32    133    51    38    226    93    98    74    39    218    102    157    149    123    192    99    210    212    160    108    109    106    54    243    12    100    146    100    30    243    163    83    15    108    16    135    223    8    230    156    248    227    79    163    244    38    29    93    144    210    222    19    210    43    156    243    37    68    109    89    206    166    66    242    41    103    144    30    133    13    207    20    134    53    77    18    240    127    132    23    232  

String ordenada:

  1    1    1    3    3    4    4    6    7    7    7    8    8    8    8    11    12    12    12    13    13    14    14    15    16    17    17    18    18    18    19    20    20    23    24    25    26    26    28    29    29    30    30    30    30    31    31    31    31    32    32    34    35    35    36    36    37    37    38    38    38    39    39    39    41    41    41    42    42    43    43    44    44    45    45    46    46    47    48    51    51    51    52    52    52    53    53    53    53    54    54    54    55    55    57    58    60    65    65    66    67    67    67    68    68    69    70    72    72    72    73    73    74    77    78    79    79    80    80    81    82    82    83    83    84    86    86    88    88    89    89    90    90    92    93    93    94    95    96    98    98    98    98    99    100    100    102    102    103    103    105    105    106    106    107    107    107    108    108    108    108    108    109    109    109    110    110    112    116    116    116    117    117    117    118    118    123    123    123    124    124    125    126    126    126    127    127    127    129    130    131    132    132    133    133    134    135    137    137    137    137    137    138    141    142    142    143    144    144    144    145    146    146    148    148    149    149    149    149    149    151    152    152    154    156    156    156    156    157    157    158    159    159    159    160    160    161    161    162    162    162    163    163    163    163    166    166    167    169    169    170    170    170    170    171    172    172    172    173    175    177    177    178    178    179    180    180    180    181    181    181    183    183    183    183    184    184    185    185    185    187    187    187    188    189    192    192    192    192    192    193    193    196    197    197    198    201    202    203    203    204    206    206    207    207    209    209    210    210    210    211    212    212    213    215    215    217    217    217    218    218    219    219    220    220    221    222    222    223    223    224    224    224    226    226    226    227    230    230    230    230    232    232    232    233    234    234    235    236    237    238    238    240    240    240    240    240    241    241    241    242    243    243    243    244    244    244    245    246    247    248    249    253    253    253  


--------------------------RESULTADO FINAL---------------------------------------

Cliente atendido: 15

Numero do barbeiro: 3

Tempo decorrido:1317.00


String inicial:

  201    96    1    170    52    147    47    42    56    226    188    21    172    2    65    125    243    214    227    176    136    66    41    88    131    75    132    191    49    1    198    26    127    101    98    81    150    47    154    237    48    244    160    123    148    1    150    39    117    24    245    155    120    61    145    27    166    53    120    246    84    221    174    113    224    174    225    150    123    26    34    73    172    224    226    96    127    23    165    20    77    57    205    228    149    126    157    217    81    179    110    67    47    186    82    47    7    209    99    160    137    163    136    85    34    137    83    192    191    150    242    170    109    94    173    33    122    105    153    105    187    165    202    9    127    60    86    36    171    215    227    84    25    10    199    90    49    184    184    15    236    201    88    120    197    36    56    222    44    111    102    6    51    207    45    208    42    34    20    243    151    149    229    79    189    203    199    13    34    158    186    172    6    49    68    105    242    26    102    61    167    235    97    248    217    45    104    161    236    154    51    162    205    56    16    41    161    117    211    98    177    44    45    213    250    143    94    13    71    226    231    13    108    104    37    100    51    171    163    62    227    245    126    79    76    173    22    139    192    8    12    145    83    88    5    108    133    1    23  

String ordenada:

  1    1    1    1    2    5    6    6    7    8    9    10    12    13    13    13    15    16    20    20    21    22    23    23    24    25    26    26    26    27    33    34    34    34    34    36    36    37    39    41    41    42    42    44    44    45    45    45    47    47    47    47    48    49    49    49    51    51    51    52    53    56    56    56    57    60    61    61    62    65    66    67    68    71    73    75    76    77    79    79    81    81    82    83    83    84    84    85    86    88    88    88    90    94    94    96    96    97    98    98    99    100    101    102    102    104    104    105    105    105    108    108    109    110    111    113    117    117    120    120    120    122    123    123    125    126    126    127    127    127    131    132    133    136    136    137    137    139    143    145    145    147    148    149    149    150    150    150    150    151    153    154    154    155    157    158    160    160    161    161    162    163    163    165    165    166    167    170    170    171    171    172    172    172    173    173    174    174    176    177    179    184    184    186    186    187    188    189    191    191    192    192    197    198    199    199    201    201    202    203    205    205    207    208    209    211    213    214    215    217    217    221    222    224    224    225    226    226    226    227    227    227    228    229    231    235    236    236    237    242    242    243    243    244    245    245    246    248    250  


--------------------------RESULTADO FINAL---------------------------------------

Cliente atendido: 26

Numero do barbeiro: 2

Tempo decorrido:624.00


String inicial:

  142    37    197    111    248    88    243    238    252    167    129    217    113    198    6    66    184    155    168    117    77    7    237    29    72    16    73    132    245    197    139    222    68    42    39    22    91    243    95    178    244    185    101    64    89    197    91    235    58    220    186    96    61    2    86    223    107    249    61    187    25    162    115    54    165    115    166    91    64    222    230    14    113    165    167    37    68    219    106    216    18    253    146    169    90    67    98    158    22    120    51    8    243    127    23    243    203    150    40    101    78    104    77    26    230    78    24    133    132    91    183    111    50    35    114    229    63    46    94    46    128    106    143    205    68    1    27    232    112    156    168    25    221    206    140    31    245    125    125    211    177    142    29    61    138    232    252    163    240    52    43    202    247    148    241    149    238    230    216    184    92    90    170    20    130    144    140    209    230    99    127    113    202    245    9    46    183    222    43    2    108    176    38    189    158    241    45    102    177    95    247    103    146    252    212    237    102    58    152    39    118    240    241    154    191    84    35    209    12    167    172    209    49    45    233    41    247    112    104    3    168    186    67    20    17    114    218    80    133    204    208    86    24    29    201    49    74    197    219    176    71    226    219    209    232    158    212    58    231    150    22    105    170    178    214    148    253    11    63    221    177    105    141    35    223    176    45    132    208    99    14    240    31    67    28    97    187    74    244    252    186    227    192    190    239    112    45    72    85    197    127    96    8    229    92    193    111    98    31    153    158    134    99    23    162    217    209    183    252    159    15    17    220    168    169    166    114    48    72    160    206    160    90    48    223    143    75    168    76    195    28    68    35    216    53    32    139    223    49    98    89    153    204    15    27    79    15    103    216    48    97    128    169    149    11    226    126    47    101    163    204    90    193    73    12    80    194    113    137    78    45    187    192    83    37    54    252    141    118    174    151    49    137    154    32    109    87    248    245    149    245    28    200    17    63    46    58    91    248    157    130    127    178    157    172    49    172    130    152    124    138    9    7    236    252    1    179    45    83    4    155    34    248    189    13    145    70    160    198    24    23    162    241    36    153    119    46    31    83    159    244    55    2    213    253    216    48    11    95    92    231    85    87    59    108    189    165    139    56    197    253    168    194    73    165    53    153    173    174    70    166    252    86    3    44    173    53    53    19    237    234    84    28    156    104    98    51    104    71    196    7    158    71    35    192    197    178    179    204    186    83    205    144    131    42    150    138    56    37    246    127    106    37    117    223    230    49    108    40    209    11    137    74    171    133    100    202    145    241    113    37    30    152    143    250    155    127    223    45    253    175    133    65    173    84    249    110    222    192    239    138    164    82    46    169    50    107    77    29    182    24    28    47    137    5    131    126    221    60    132    180    70    100    207    77    18    35    21    202    188    222    46    186    138    53    61    22    249    100    13    11    85    130    19    57    224    239    144    151    6    111    37    165    172    78    203    151    75    59    187    97    242    194    245    214    81    140    71    37    74    45    9    249    9    117    12    194    62    245    51    157    62    177    28    68    217    66    54    126    86    202    184    162    231    8    82    18    110    114    144    145    248    242    228    218    65    201    246    217    26    3    80    49    142    198    79    193    225    222    153    145    130    43    13    67    13    184    175    212    133    25    191    215    229    126    13    128    161    220    51  

String ordenada:

  1    1    2    2    2    3    3    3    4    5    6    6    7    7    7    8    8    8    9    9    9    9    11    11    11    11    11    12    12    12    13    13    13    13    13    14    14    15    15    15    16    17    17    17    18    18    18    19    19    20    20    21    22    22    22    22    23    23    23    24    24    24    24    25    25    25    26    26    27    27    28    28    28    28    28    28    29    29    29    29    30    31    31    31    31    32    32    34    35    35    35    35    35    35    36    37    37    37    37    37    37    37    37    38    39    39    40    40    41    42    42    43    43    43    44    45    45    45    45    45    45    45    45    46    46    46    46    46    46    46    47    47    48    48    48    48    49    49    49    49    49    49    49    50    50    51    51    51    51    52    53    53    53    53    53    54    54    54    55    56    56    57    58    58    58    58    59    59    60    61    61    61    61    62    62    63    63    63    64    64    65    65    66    66    67    67    67    67    68    68    68    68    68    70    70    70    71    71    71    71    72    72    72    73    73    73    74    74    74    74    75    75    76    77    77    77    77    78    78    78    78    79    79    80    80    80    81    82    82    83    83    83    83    84    84    84    85    85    85    86    86    86    86    87    87    88    89    89    90    90    90    90    91    91    91    91    91    92    92    92    94    95    95    95    96    96    97    97    97    98    98    98    98    99    99    99    100    100    100    101    101    101    102    102    103    103    104    104    104    104    105    105    106    106    106    107    107    108    108    108    109    110    110    111    111    111    111    112    112    112    113    113    113    113    113    114    114    114    114    115    115    117    117    117    118    118    119    120    124    125    125    126    126    126    126    127    127    127    127    127    127    128    128    128    129    130    130    130    130    130    131    131    132    132    132    132    133    133    133    133    133    134    137    137    137    137    138    138    138    138    138    139    139    139    140    140    140    141    141    142    142    142    143    143    143    144    144    144    144    145    145    145    145    146    146    148    148    149    149    149    150    150    150    151    151    151    152    152    152    153    153    153    153    153    154    154    155    155    155    156    156    157    157    157    158    158    158    158    158    159    159    160    160    160    161    162    162    162    162    163    163    164    165    165    165    165    165    166    166    166    167    167    167    168    168    168    168    168    168    169    169    169    169    170    170    171    172    172    172    172    173    173    173    174    174    175    175    176    176    176    177    177    177    177    178    178    178    178    179    179    180    182    183    183    183    184    184    184    184    185    186    186    186    186    186    187    187    187    187    188    189    189    189    190    191    191    192    192    192    192    193    193    193    194    194    194    194    195    196    197    197    197    197    197    197    197    198    198    198    200    201    201    202    202    202    202    202    203    203    204    204    204    204    205    205    206    206    207    208    208    209    209    209    209    209    209    211    212    212    212    213    214    214    215    216    216    216    216    216    217    217    217    217    218    218    219    219    219    220    220    220    221    221    221    222    222    222    222    222    222    223    223    223    223    223    223    224    225    226    226    227    228    229    229    229    230    230    230    230    230    231    231    231    232    232    232    233    234    235    236    237    237    237    238    238    239    239    239    240    240    240    241    241    241    241    241    242    242    243    243    243    243    244    244    244    245    245    245    245    245    245    245    246    246    247    247    247    248    248    248    248    248    249    249    249    249    250    252    252    252    252    252    252    252    252    253    253    253    253    253  


--------------------------RESULTADO FINAL---------------------------------------

Cliente atendido: 22

Numero do barbeiro: 1

Tempo decorrido:167.00


String inicial:

  202    176    175    250    178    81    183    230    245    216    216    57    219    203    232    193    242    223    100    3    100    140    240    192    139    153    39    161    202    57    121    47    131    194    68    81    46    23    209    62    137    196    17    127    42    20    218    56    141    90    212    13    128    224    231    38    148    168    97    248    251    116    67    26    81    161    133    153    82    113    113    245    207    28    16    20    201    132    229    114    248    213    25    147    208    154    84    254    94    207    18    116    95    111    40    74    171    199    254    151    210    10    40    60    192    82    234    164    240    234    49    132    218    100    50    197    26    160    94    18    11    139    160    4    148    99    104    90    69    1    140    178    165    206    9    128    59    14    63    197    20    11    227    136    9    176    232    188    234    97    232    16    134    36    46    54    161    49    42    1    76    208    77    12    185    240    166    142    25    128    238    198    165    236    106    72    183    109    32    61    104    35    103    10    97    48    90    29    123    30    184    225    10    159    136    221    170    200    135    222    226    16    63    34    23    67    133    105    74    191    192    205    252    193    113    248    12    229    175    33    30    130    157    193    61    64    186    2    162    219    122    160    6    84    220    182    177    124    185    23    86    20    126    237    240    10    128    150    137    74    210    65    103    138    30    62    100    114    217    33    104    238    219    8    93    83    216    41    233    45    217    218    91    241    98    102    22    252    151    185    224    132    149    225    168    205    58    39    217    174    225    92    183    88    253    174    197    112    113    201    183    102    62    46    241    186    46    35    81    223    118    204    253    38    200    192    141    157    129    129    229    126    119    55    240    143    0  

String ordenada:

  0    1    1    2    3    4    6    8    9    9    10    10    10    10    11    11    12    12    13    14    16    16    16    17    18    18    20    20    20    20    22    23    23    23    25    25    26    26    28    29    30    30    30    32    33    33    34    35    35    36    38    38    39    39    40    40    41    42    42    45    46    46    46    46    47    48    49    49    50    54    55    56    57    57    58    59    60    61    61    62    62    62    63    63    64    65    67    67    68    69    72    74    74    74    76    77    81    81    81    81    82    82    83    84    84    86    88    90    90    90    91    92    93    94    94    95    97    97    97    98    99    100    100    100    100    102    102    103    103    104    104    104    105    106    109    111    112    113    113    113    113    114    114    116    116    118    119    121    122    123    124    126    126    127    128    128    128    128    129    129    130    131    132    132    132    133    133    134    135    136    136    137    137    138    139    139    140    140    141    141    142    143    147    148    148    149    150    151    151    153    153    154    157    157    159    160    160    160    161    161    161    162    164    165    165    166    168    168    170    171    174    174    175    175    176    176    177    178    178    182    183    183    183    183    184    185    185    185    186    186    188    191    192    192    192    192    193    193    193    194    196    197    197    197    198    199    200    200    201    201    202    202    203    204    205    205    206    207    207    208    208    209    210    210    212    213    216    216    216    217    217    217    218    218    218    219    219    219    220    221    222    223    223    224    224    225    225    225    226    227    229    229    229    230    231    232    232    232    233    234    234    234    236    237    238    238    240    240    240    240    240    241    241    242    245    245    248    248    248    250    251    252    252    253    253    254    254  

 1-0  2-1  1-2  2-4  2-5  1-6  2-3  2-7  1-8  2-10  2-11  1-12  2-13  2-14  3-15  2-16  1-18  3-17  2-9  2-21  1-20  3-24  1-25  2-23  3-19  2-26  1-22 
