/nO barbeiro: 1, cortou o cabelo do cliente: 1! E levou 0.00007699999696342275s para cortar!

Vetor PRE ordenado: 
 153  164  87  85  192  243  254  251  123  109  84  22  21  235  228  47  83  144  33  88  10  89  41  169  7  214  210  84  132  121  119  29  155  76  239  90  63  108  84  56  215  38  76  106  144  175  151  97  62  55  183  198  142  223  110  19  52  63  228  182  182  91  209  208  37  63  41  225  169  251  152  254  32  226  104  46  16  125  142  204  50  68  145  190  161  125  208  211  186  179  137  238  140  216  189  48  23  101  16  62  222  166  60  124  8  34  169  149  29  54  223  78  247  238  138  152  106  216  106  162  11  113  144  149  73  203  67  221  174  209  153  139  245  83  7  123  115  46  16  15  98  109  91  215  91  227  110  195  187  87  101  68  70  115  87  13  188  153  232  106  105  1  115  93  82 

Vetor POS ordenado:
 254  254  251  251  247  245  243  239  238  238  235  232  228  228  227  226  225  223  223  222  221  216  216  215  215  214  211  210  209  209  208  208  204  203  198  195  192  190  189  188  187  186  183  182  182  179  175  174  169  169  169  166  164  162  161  155  153  153  153  152  152  151  149  149  145  144  144  144  142  142  140  139  138  137  132  125  125  124  123  123  121  119  115  115  115  113  110  110  109  109  108  106  106  106  106  105  104  101  101  98  97  93  91  91  91  90  89  88  87  87  87  85  84  84  84  83  83  82  78  76  76  73  70  68  68  67  63  63  63  62  62  60  56  55  54  52  50  48  47  46  46  41  41  38  37  34  33  32  29  29  23  22  21  19  16  16  16  15  13  11  10  8  7  7  1 
/nO barbeiro: 2, cortou o cabelo do cliente: 2! E levou 0.00007500000356230885s para cortar!

Vetor PRE ordenado: 
 154  165  88  86  193  244  255  252  124  110  85  23  22  236  229  48  84  145  34  89  11  90  42  170  8  215  211  85  133  122  120  30  156  77  240  91  64  109  85  57  216  39  77  107  145  176  152  98  63  56  184  199  143  224  111  20  53  64  229  183  183  92  210  209  38  64  42  226  170  252  153  255  33  227  105  47  17  126  143  205  51  69  146  191  162  126  209  212  187  180  138  239  141  217  190  49  24  102  17  63  223  167  61  125  9  35  170  150  30  55  224  79  248  239  139  153  107  217  107  163  12  114  145  150  74  204  68  222  175  210  154  140  246  84  8  124  116  47  17  16  99  110  92  216  92  228  111  196  188  88  102  69  71  116  88  14  189  154  233  107  106  2  116  94  83 

Vetor POS ordenado:
 255  255  252  252  248  246  244  240  239  239  236  233  229  229  228  227  226  224  224  223  222  217  217  216  216  215  212  211  210  210  209  209  205  204  199  196  193  191  190  189  188  187  184  183  183  180  176  175  170  170  170  167  165  163  162  156  154  154  154  153  153  152  150  150  146  145  145  145  143  143  141  140  139  138  133  126  126  125  124  124  122  120  116  116  116  114  111  111  110  110  109  107  107  107  107  106  105  102  102  99  98  94  92  92  92  91  90  89  88  88  88  86  85  85  85  84  84  83  79  77  77  74  71  69  69  68  64  64  64  63  63  61  57  56  55  53  51  49  48  47  47  42  42  39  38  35  34  33  30  30  24  23  22  20  17  17  17  16  14  12  11  9  8  8  2 
/nO barbeiro: 1, cortou o cabelo do cliente: 5! E levou 0.00020700000459328294s para cortar!

Vetor PRE ordenado: 
 157  168  91  89  196  247  3  255  127  113  88  26  25  239  232  51  87  148  37  92  14  93  45  173  11  218  214  88  136  125  123  33  159  80  243  94  67  112  88  60  219  42  80  110  148  179  155  101  66  59  187  202  146  227  114  23  56  67  232  186  186  95  213  212  41  67  45  229  173  255  156  3  36  230  108  50  20  129  146  208  54  72  149  194  165  129  212  215  190  183  141  242  144  220  193  52  27  105  20  66  226  170  64  128  12  38  173  153  33  58  227  82  251  242  142  156  110  220  110  166  15  117  148  153  77  207  71  225  178  213  157  143  249  87  11  127  119  50  20  19  102  113  95  219  95  231  114  199  191  91  105  72  74  119  91  17  192  157  236  110  109  5  119  97  86 

Vetor POS ordenado:
 255  255  251  249  247  243  242  242  239  236  232  232  231  230  229  227  227  226  225  220  220  219  219  218  215  214  213  213  212  212  208  207  202  199  196  194  193  192  191  190  187  186  186  183  179  178  173  173  173  170  168  166  165  159  157  157  157  156  156  155  153  153  149  148  148  148  146  146  144  143  142  141  136  129  129  128  127  127  125  123  119  119  119  117  114  114  113  113  112  110  110  110  110  109  108  105  105  102  101  97  95  95  95  94  93  92  91  91  91  89  88  88  88  87  87  86  82  80  80  77  74  72  72  71  67  67  67  66  66  64  60  59  58  56  54  52  51  50  50  45  45  42  41  38  37  36  33  33  27  26  25  23  20  20  20  19  17  15  14  12  11  11  5  3  3 
/nO barbeiro: 2, cortou o cabelo do cliente: 10! E levou 0.00006099999882280827s para cortar!

Vetor PRE ordenado: 
 162  173  96  94  201  252  8  5  132  118  93  31  30  244  237  56  92  153  42  97  19  98  50  178  16  223  219  93  141  130  128  38  164  85  248  99  72  117  93  65  224  47  85  115  153  184  160  106  71  64  192  207  151  232  119  28  61  72  237  191  191  100  218  217  46  72  50  234  178  5  161  8  41  235  113  55  25  134  151  213  59  77  154  199  170  134  217  220  195  188  146  247  149  225  198  57  32  110  25  71  231  175  69  133  17  43  178  158  38  63  232  87  1  247  147  161  115  225  115  171  20  122  153  158  82  212  76  230  183  218  162  148  254  92  16  132  124  55  25  24  107  118  100  224  100  236  119  204  196  96  110  77  79  124  96  22  197  162  241  115  114  10  124  102  91 

Vetor POS ordenado:
 254  252  248  247  247  244  241  237  237  236  235  234  232  232  231  230  225  225  224  224  223  220  219  218  218  217  217  213  212  207  204  201  199  198  197  196  195  192  191  191  188  184  183  178  178  178  175  173  171  170  164  162  162  162  161  161  160  158  158  154  153  153  153  151  151  149  148  147  146  141  134  134  133  132  132  130  128  124  124  124  122  119  119  118  118  117  115  115  115  115  114  113  110  110  107  106  102  100  100  100  99  98  97  96  96  96  94  93  93  93  92  92  91  87  85  85  82  79  77  77  76  72  72  72  71  71  69  65  64  63  61  59  57  56  55  55  50  50  47  46  43  42  41  38  38  32  31  30  28  25  25  25  24  22  20  19  17  16  16  10  8  8  5  5  1 
/nO barbeiro: 2, cortou o cabelo do cliente: 4! E levou 0.00040700001409277320s para cortar!

Vetor PRE ordenado: 
 156  167  90  88  195  246  2  254  126  112  87  25  24  238  231  50  86  147  36  91  13  92  44  172  10  217  213  87  135  124  122  32  158  79  242  93  66  111  87  59  218  41  79  109  147  178  154  100  65  58  186  201  145  226  113  22  55  66  231  185  185  94  212  211  40  66  44  228  172  254  155  2  35  229  107  49  19  128  145  207  53  71  148  193  164  128  211  214  189  182  140  241  143  219  192  51  26  104  19  65  225  169  63  127  11  37  172  152  32  57  226  81  250  241  141  155  109  219  109  165  14  116  147  152  76  206  70  224  177  212  156  142  248  86  10  126  118  49  19  18  101  112  94  218  94  230  113  198  190  90  104  71  73  118  90  16  191  156  235  109  108  4  118  96  85 

Vetor POS ordenado:
 254  254  250  248  246  242  241  241  238  235  231  231  230  229  228  226  226  225  224  219  219  218  218  217  214  213  212  212  211  211  207  206  201  198  195  193  192  191  190  189  186  185  185  182  178  177  172  172  172  169  167  165  164  158  156  156  156  155  155  154  152  152  148  147  147  147  145  145  143  142  141  140  135  128  128  127  126  126  124  122  118  118  118  116  113  113  112  112  111  109  109  109  109  108  107  104  104  101  100  96  94  94  94  93  92  91  90  90  90  88  87  87  87  86  86  85  81  79  79  76  73  71  71  70  66  66  66  65  65  63  59  58  57  55  53  51  50  49  49  44  44  41  40  37  36  35  32  32  26  25  24  22  19  19  19  18  16  14  13  11  10  10  4  2  2 
/nO barbeiro: 1, cortou o cabelo do cliente: 3! E levou 0.00049100001342594624s para cortar!

Vetor PRE ordenado: 
 155  166  89  87  194  245  1  253  125  111  86  24  23  237  230  49  85  146  35  90  12  91  43  171  9  216  212  86  134  123  121  31  157  78  241  92  65  110  86  58  217  40  78  108  146  177  153  99  64  57  185  200  144  225  112  21  54  65  230  184  184  93  211  210  39  65  43  227  171  253  154  1  34  228  106  48  18  127  144  206  52  70  147  192  163  127  210  213  188  181  139  240  142  218  191  50  25  103  18  64  224  168  62  126  10  36  171  151  31  56  225  80  249  240  140  154  108  218  108  164  13  115  146  151  75  205  69  223  176  211  155  141  247  85  9  125  117  48  18  17  100  111  93  217  93  229  112  197  189  89  103  70  72  117  89  15  190  155  234  108  107  3  117  95  84 

Vetor POS ordenado:
 253  253  249  247  245  241  240  240  237  234  230  230  229  228  227  225  225  224  223  218  218  217  217  216  213  212  211  211  210  210  206  205  200  197  194  192  191  190  189  188  185  184  184  181  177  176  171  171  171  168  166  164  163  157  155  155  155  154  154  153  151  151  147  146  146  146  144  144  142  141  140  139  134  127  127  126  125  125  123  121  117  117  117  115  112  112  111  111  110  108  108  108  108  107  106  103  103  100  99  95  93  93  93  92  91  90  89  89  89  87  86  86  86  85  85  84  80  78  78  75  72  70  70  69  65  65  65  64  64  62  58  57  56  54  52  50  49  48  48  43  43  40  39  36  35  34  31  31  25  24  23  21  18  18  18  17  15  13  12  10  9  9  3  1  1 
/nO barbeiro: 1, cortou o cabelo do cliente: 9! E levou 0.00044800000614486635s para cortar!

Vetor PRE ordenado: 
 161  172  95  93  200  251  7  4  131  117  92  30  29  243  236  55  91  152  41  96  18  97  49  177  15  222  218  92  140  129  127  37  163  84  247  98  71  116  92  64  223  46  84  114  152  183  159  105  70  63  191  206  150  231  118  27  60  71  236  190  190  99  217  216  45  71  49  233  177  4  160  7  40  234  112  54  24  133  150  212  58  76  153  198  169  133  216  219  194  187  145  246  148  224  197  56  31  109  24  70  230  174  68  132  16  42  177  157  37  62  231  86  255  246  146  160  114  224  114  170  19  121  152  157  81  211  75  229  182  217  161  147  253  91  15  131  123  54  24  23  106  117  99  223  99  235  118  203  195  95  109  76  78  123  95  21  196  161  240  114  113  9  123  101  90 

Vetor POS ordenado:
 255  253  251  247  246  246  243  240  236  236  235  234  233  231  231  230  229  224  224  223  223  222  219  218  217  217  216  216  212  211  206  203  200  198  197  196  195  194  191  190  190  187  183  182  177  177  177  174  172  170  169  163  161  161  161  160  160  159  157  157  153  152  152  152  150  150  148  147  146  145  140  133  133  132  131  131  129  127  123  123  123  121  118  118  117  117  116  114  114  114  114  113  112  109  109  106  105  101  99  99  99  98  97  96  95  95  95  93  92  92  92  91  91  90  86  84  84  81  78  76  76  75  71  71  71  70  70  68  64  63  62  60  58  56  55  54  54  49  49  46  45  42  41  40  37  37  31  30  29  27  24  24  24  23  21  19  18  16  15  15  9  7  7  4  4 
/nO barbeiro: 2, cortou o cabelo do cliente: 12! E levou 0.00005900000178371556s para cortar!

Vetor PRE ordenado: 
 164  175  98  96  203  254  10  7  134  120  95  33  32  246  239  58  94  155  44  99  21  100  52  180  18  225  221  95  143  132  130  40  166  87  250  101  74  119  95  67  226  49  87  117  155  186  162  108  73  66  194  209  153  234  121  30  63  74  239  193  193  102  220  219  48  74  52  236  180  7  163  10  43  237  115  57  27  136  153  215  61  79  156  201  172  136  219  222  197  190  148  249  151  227  200  59  34  112  27  73  233  177  71  135  19  45  180  160  40  65  234  89  3  249  149  163  117  227  117  173  22  124  155  160  84  214  78  232  185  220  164  150  1  94  18  134  126  57  27  26  109  120  102  226  102  238  121  206  198  98  112  79  81  126  98  24  199  164  243  117  116  12  126  104  93 

Vetor POS ordenado:
 254  250  249  249  246  243  239  239  238  237  236  234  234  233  232  227  227  226  226  225  222  221  220  220  219  219  215  214  209  206  203  201  200  199  198  197  194  193  193  190  186  185  180  180  180  177  175  173  172  166  164  164  164  163  163  162  160  160  156  155  155  155  153  153  151  150  149  148  143  136  136  135  134  134  132  130  126  126  126  124  121  121  120  120  119  117  117  117  117  116  115  112  112  109  108  104  102  102  102  101  100  99  98  98  98  96  95  95  95  94  94  93  89  87  87  84  81  79  79  78  74  74  74  73  73  71  67  66  65  63  61  59  58  57  57  52  52  49  48  45  44  43  40  40  34  33  32  30  27  27  27  26  24  22  21  19  18  18  12  10  10  7  7  3  1 
/nO barbeiro: 1, cortou o cabelo do cliente: 11! E levou 0.00019999999494757503s para cortar!

Vetor PRE ordenado: 
 163  174  97  95  202  253  9  6  133  119  94  32  31  245  238  57  93  154  43  98  20  99  51  179  17  224  220  94  142  131  129  39  165  86  249  100  73  118  94  66  225  48  86  116  154  185  161  107  72  65  193  208  152  233  120  29  62  73  238  192  192  101  219  218  47  73  51  235  179  6  162  9  42  236  114  56  26  135  152  214  60  78  155  200  171  135  218  221  196  189  147  248  150  226  199  58  33  111  26  72  232  176  70  134  18  44  179  159  39  64  233  88  2  248  148  162  116  226  116  172  21  123  154  159  83  213  77  231  184  219  163  149  255  93  17  133  125  56  26  25  108  119  101  225  101  237  120  205  197  97  111  78  80  125  97  23  198  163  242  116  115  11  125  103  92 

Vetor POS ordenado:
 255  253  249  248  248  245  242  238  238  237  236  235  233  233  232  231  226  226  225  225  224  221  220  219  219  218  218  214  213  208  205  202  200  199  198  197  196  193  192  192  189  185  184  179  179  179  176  174  172  171  165  163  163  163  162  162  161  159  159  155  154  154  154  152  152  150  149  148  147  142  135  135  134  133  133  131  129  125  125  125  123  120  120  119  119  118  116  116  116  116  115  114  111  111  108  107  103  101  101  101  100  99  98  97  97  97  95  94  94  94  93  93  92  88  86  86  83  80  78  78  77  73  73  73  72  72  70  66  65  64  62  60  58  57  56  56  51  51  48  47  44  43  42  39  39  33  32  31  29  26  26  26  25  23  21  20  18  17  17  11  9  9  6  6  2 
/nO barbeiro: 2, cortou o cabelo do cliente: 8! E levou 0.00069100002292543650s para cortar!

Vetor PRE ordenado: 
 160  171  94  92  199  250  6  3  130  116  91  29  28  242  235  54  90  151  40  95  17  96  48  176  14  221  217  91  139  128  126  36  162  83  246  97  70  115  91  63  222  45  83  113  151  182  158  104  69  62  190  205  149  230  117  26  59  70  235  189  189  98  216  215  44  70  48  232  176  3  159  6  39  233  111  53  23  132  149  211  57  75  152  197  168  132  215  218  193  186  144  245  147  223  196  55  30  108  23  69  229  173  67  131  15  41  176  156  36  61  230  85  254  245  145  159  113  223  113  169  18  120  151  156  80  210  74  228  181  216  160  146  252  90  14  130  122  53  23  22  105  116  98  222  98  234  117  202  194  94  108  75  77  122  94  20  195  160  239  113  112  8  122  100  89 

Vetor POS ordenado:
 254  252  250  246  245  245  242  239  235  235  234  233  232  230  230  229  228  223  223  222  222  221  218  217  216  216  215  215  211  210  205  202  199  197  196  195  194  193  190  189  189  186  182  181  176  176  176  173  171  169  168  162  160  160  160  159  159  158  156  156  152  151  151  151  149  149  147  146  145  144  139  132  132  131  130  130  128  126  122  122  122  120  117  117  116  116  115  113  113  113  113  112  111  108  108  105  104  100  98  98  98  97  96  95  94  94  94  92  91  91  91  90  90  89  85  83  83  80  77  75  75  74  70  70  70  69  69  67  63  62  61  59  57  55  54  53  53  48  48  45  44  41  40  39  36  36  30  29  28  26  23  23  23  22  20  18  17  15  14  14  8  6  6  3  3 
/nO barbeiro: 1, cortou o cabelo do cliente: 7! E levou 0.00006299999949987978s para cortar!

Vetor PRE ordenado: 
 159  170  93  91  198  249  5  2  129  115  90  28  27  241  234  53  89  150  39  94  16  95  47  175  13  220  216  90  138  127  125  35  161  82  245  96  69  114  90  62  221  44  82  112  150  181  157  103  68  61  189  204  148  229  116  25  58  69  234  188  188  97  215  214  43  69  47  231  175  2  158  5  38  232  110  52  22  131  148  210  56  74  151  196  167  131  214  217  192  185  143  244  146  222  195  54  29  107  22  68  228  172  66  130  14  40  175  155  35  60  229  84  253  244  144  158  112  222  112  168  17  119  150  155  79  209  73  227  180  215  159  145  251  89  13  129  121  52  22  21  104  115  97  221  97  233  116  201  193  93  107  74  76  121  93  19  194  159  238  112  111  7  121  99  88 

Vetor POS ordenado:
 253  251  249  245  244  244  241  238  234  234  233  232  231  229  229  228  227  222  222  221  221  220  217  216  215  215  214  214  210  209  204  201  198  196  195  194  193  192  189  188  188  185  181  180  175  175  175  172  170  168  167  161  159  159  159  158  158  157  155  155  151  150  150  150  148  148  146  145  144  143  138  131  131  130  129  129  127  125  121  121  121  119  116  116  115  115  114  112  112  112  112  111  110  107  107  104  103  99  97  97  97  96  95  94  93  93  93  91  90  90  90  89  89  88  84  82  82  79  76  74  74  73  69  69  69  68  68  66  62  61  60  58  56  54  53  52  52  47  47  44  43  40  39  38  35  35  29  28  27  25  22  22  22  21  19  17  16  14  13  13  7  5  5  2  2 
/nO barbeiro: 2, cortou o cabelo do cliente: 15! E levou 0.00026599998818710446s para cortar!

Vetor PRE ordenado: 
 167  178  101  99  206  2  13  10  137  123  98  36  35  249  242  61  97  158  47  102  24  103  55  183  21  228  224  98  146  135  133  43  169  90  253  104  77  122  98  70  229  52  90  120  158  189  165  111  76  69  197  212  156  237  124  33  66  77  242  196  196  105  223  222  51  77  55  239  183  10  166  13  46  240  118  60  30  139  156  218  64  82  159  204  175  139  222  225  200  193  151  252  154  230  203  62  37  115  30  76  236  180  74  138  22  48  183  163  43  68  237  92  6  252  152  166  120  230  120  176  25  127  158  163  87  217  81  235  188  223  167  153  4  97  21  137  129  60  30  29  112  123  105  229  105  241  124  209  201  101  115  82  84  129  101  27  202  167  246  120  119  15  129  107  96 

Vetor POS ordenado:
 253  252  252  249  246  242  242  241  240  239  237  237  236  235  230  230  229  229  228  225  224  223  223  222  222  218  217  212  209  206  204  203  202  201  200  197  196  196  193  189  188  183  183  183  180  178  176  175  169  167  167  167  166  166  165  163  163  159  158  158  158  156  156  154  153  152  151  146  139  139  138  137  137  135  133  129  129  129  127  124  124  123  123  122  120  120  120  120  119  118  115  115  112  111  107  105  105  105  104  103  102  101  101  101  99  98  98  98  97  97  96  92  90  90  87  84  82  82  81  77  77  77  76  76  74  70  69  68  66  64  62  61  60  60  55  55  52  51  48  47  46  43  43  37  36  35  33  30  30  30  29  27  25  24  22  21  21  15  13  13  10  10  6  4  2 
/nO barbeiro: 2, cortou o cabelo do cliente: 16! E levou 0.00036100001307204366s para cortar!

Vetor PRE ordenado: 
 168  179  102  100  207  3  14  11  138  124  99  37  36  250  243  62  98  159  48  103  25  104  56  184  22  229  225  99  147  136  134  44  170  91  254  105  78  123  99  71  230  53  91  121  159  190  166  112  77  70  198  213  157  238  125  34  67  78  243  197  197  106  224  223  52  78  56  240  184  11  167  14  47  241  119  61  31  140  157  219  65  83  160  205  176  140  223  226  201  194  152  253  155  231  204  63  38  116  31  77  237  181  75  139  23  49  184  164  44  69  238  93  7  253  153  167  121  231  121  177  26  128  159  164  88  218  82  236  189  224  168  154  5  98  22  138  130  61  31  30  113  124  106  230  106  242  125  210  202  102  116  83  85  130  102  28  203  168  247  121  120  16  130  108  97 

Vetor POS ordenado:
 254  253  253  250  247  243  243  242  241  240  238  238  237  236  231  231  230  230  229  226  225  224  224  223  223  219  218  213  210  207  205  204  203  202  201  198  197  197  194  190  189  184  184  184  181  179  177  176  170  168  168  168  167  167  166  164  164  160  159  159  159  157  157  155  154  153  152  147  140  140  139  138  138  136  134  130  130  130  128  125  125  124  124  123  121  121  121  121  120  119  116  116  113  112  108  106  106  106  105  104  103  102  102  102  100  99  99  99  98  98  97  93  91  91  88  85  83  83  82  78  78  78  77  77  75  71  70  69  67  65  63  62  61  61  56  56  53  52  49  48  47  44  44  38  37  36  34  31  31  31  30  28  26  25  23  22  22  16  14  14  11  11  7  5  3 
/nO barbeiro: 1, cortou o cabelo do cliente: 20! E levou 0.00025700000696815550s para cortar!

Vetor PRE ordenado: 
 172  183  106  104  211  7  18  15  142  128  103  41  40  254  247  66  102  163  52  107  29  108  60  188  26  233  229  103  151  140  138  48  174  95  3  109  82  127  103  75  234  57  95  125  163  194  170  116  81  74  202  217  161  242  129  38  71  82  247  201  201  110  228  227  56  82  60  244  188  15  171  18  51  245  123  65  35  144  161  223  69  87  164  209  180  144  227  230  205  198  156  2  159  235  208  67  42  120  35  81  241  185  79  143  27  53  188  168  48  73  242  97  11  2  157  171  125  235  125  181  30  132  163  168  92  222  86  240  193  228  172  158  9  102  26  142  134  65  35  34  117  128  110  234  110  246  129  214  206  106  120  87  89  134  106  32  207  172  251  125  124  20  134  112  101 

Vetor POS ordenado:
 254  251  247  247  246  245  244  242  242  241  240  235  235  234  234  233  230  229  228  228  227  227  223  222  217  214  211  209  208  207  206  205  202  201  201  198  194  193  188  188  188  185  183  181  180  174  172  172  172  171  171  170  168  168  164  163  163  163  161  161  159  158  157  156  151  144  144  143  142  142  140  138  134  134  134  132  129  129  128  128  127  125  125  125  125  124  123  120  120  117  116  112  110  110  110  109  108  107  106  106  106  104  103  103  103  102  102  101  97  95  95  92  89  87  87  86  82  82  82  81  81  79  75  74  73  71  69  67  66  65  65  60  60  57  56  53  52  51  48  48  42  41  40  38  35  35  35  34  32  30  29  27  26  26  20  18  18  15  15  11  9  7  3  2  2 
/nO barbeiro: 2, cortou o cabelo do cliente: 19! E levou 0.00018800000543706119s para cortar!

Vetor PRE ordenado: 
 171  182  105  103  210  6  17  14  141  127  102  40  39  253  246  65  101  162  51  106  28  107  59  187  25  232  228  102  150  139  137  47  173  94  2  108  81  126  102  74  233  56  94  124  162  193  169  115  80  73  201  216  160  241  128  37  70  81  246  200  200  109  227  226  55  81  59  243  187  14  170  17  50  244  122  64  34  143  160  222  68  86  163  208  179  143  226  229  204  197  155  1  158  234  207  66  41  119  34  80  240  184  78  142  26  52  187  167  47  72  241  96  10  1  156  170  124  234  124  180  29  131  162  167  91  221  85  239  192  227  171  157  8  101  25  141  133  64  34  33  116  127  109  233  109  245  128  213  205  105  119  86  88  133  105  31  206  171  250  124  123  19  133  111  100 

Vetor POS ordenado:
 253  250  246  246  245  244  243  241  241  240  239  234  234  233  233  232  229  228  227  227  226  226  222  221  216  213  210  208  207  206  205  204  201  200  200  197  193  192  187  187  187  184  182  180  179  173  171  171  171  170  170  169  167  167  163  162  162  162  160  160  158  157  156  155  150  143  143  142  141  141  139  137  133  133  133  131  128  128  127  127  126  124  124  124  124  123  122  119  119  116  115  111  109  109  109  108  107  106  105  105  105  103  102  102  102  101  101  100  96  94  94  91  88  86  86  85  81  81  81  80  80  78  74  73  72  70  68  66  65  64  64  59  59  56  55  52  51  50  47  47  41  40  39  37  34  34  34  33  31  29  28  26  25  25  19  17  17  14  14  10  8  6  2  1  1 
/nO barbeiro: 1, cortou o cabelo do cliente: 14! E levou 0.00008499999967170879s para cortar!

Vetor PRE ordenado: 
 166  177  100  98  205  1  12  9  136  122  97  35  34  248  241  60  96  157  46  101  23  102  54  182  20  227  223  97  145  134  132  42  168  89  252  103  76  121  97  69  228  51  89  119  157  188  164  110  75  68  196  211  155  236  123  32  65  76  241  195  195  104  222  221  50  76  54  238  182  9  165  12  45  239  117  59  29  138  155  217  63  81  158  203  174  138  221  224  199  192  150  251  153  229  202  61  36  114  29  75  235  179  73  137  21  47  182  162  42  67  236  91  5  251  151  165  119  229  119  175  24  126  157  162  86  216  80  234  187  222  166  152  3  96  20  136  128  59  29  28  111  122  104  228  104  240  123  208  200  100  114  81  83  128  100  26  201  166  245  119  118  14  128  106  95 

Vetor POS ordenado:
 252  251  251  248  245  241  241  240  239  238  236  236  235  234  229  229  228  228  227  224  223  222  222  221  221  217  216  211  208  205  203  202  201  200  199  196  195  195  192  188  187  182  182  182  179  177  175  174  168  166  166  166  165  165  164  162  162  158  157  157  157  155  155  153  152  151  150  145  138  138  137  136  136  134  132  128  128  128  126  123  123  122  122  121  119  119  119  119  118  117  114  114  111  110  106  104  104  104  103  102  101  100  100  100  98  97  97  97  96  96  95  91  89  89  86  83  81  81  80  76  76  76  75  75  73  69  68  67  65  63  61  60  59  59  54  54  51  50  47  46  45  42  42  36  35  34  32  29  29  29  28  26  24  23  21  20  20  14  12  12  9  9  5  3  1 
/nO barbeiro: 2, cortou o cabelo do cliente: 13! E levou 0.00007000000186963007s para cortar!

Vetor PRE ordenado: 
 165  176  99  97  204  255  11  8  135  121  96  34  33  247  240  59  95  156  45  100  22  101  53  181  19  226  222  96  144  133  131  41  167  88  251  102  75  120  96  68  227  50  88  118  156  187  163  109  74  67  195  210  154  235  122  31  64  75  240  194  194  103  221  220  49  75  53  237  181  8  164  11  44  238  116  58  28  137  154  216  62  80  157  202  173  137  220  223  198  191  149  250  152  228  201  60  35  113  28  74  234  178  72  136  20  46  181  161  41  66  235  90  4  250  150  164  118  228  118  174  23  125  156  161  85  215  79  233  186  221  165  151  2  95  19  135  127  58  28  27  110  121  103  227  103  239  122  207  199  99  113  80  82  127  99  25  200  165  244  118  117  13  127  105  94 

Vetor POS ordenado:
 255  251  250  250  247  244  240  240  239  238  237  235  235  234  233  228  228  227  227  226  223  222  221  221  220  220  216  215  210  207  204  202  201  200  199  198  195  194  194  191  187  186  181  181  181  178  176  174  173  167  165  165  165  164  164  163  161  161  157  156  156  156  154  154  152  151  150  149  144  137  137  136  135  135  133  131  127  127  127  125  122  122  121  121  120  118  118  118  118  117  116  113  113  110  109  105  103  103  103  102  101  100  99  99  99  97  96  96  96  95  95  94  90  88  88  85  82  80  80  79  75  75  75  74  74  72  68  67  66  64  62  60  59  58  58  53  53  50  49  46  45  44  41  41  35  34  33  31  28  28  28  27  25  23  22  20  19  19  13  11  11  8  8  4  2 
/nO barbeiro: 2, cortou o cabelo do cliente: 17! E levou 0.00056700001005083323s para cortar!

Vetor PRE ordenado: 
 169  180  103  101  208  4  15  12  139  125  100  38  37  251  244  63  99  160  49  104  26  105  57  185  23  230  226  100  148  137  135  45  171  92  255  106  79  124  100  72  231  54  92  122  160  191  167  113  78  71  199  214  158  239  126  35  68  79  244  198  198  107  225  224  53  79  57  241  185  12  168  15  48  242  120  62  32  141  158  220  66  84  161  206  177  141  224  227  202  195  153  254  156  232  205  64  39  117  32  78  238  182  76  140  24  50  185  165  45  70  239  94  8  254  154  168  122  232  122  178  27  129  160  165  89  219  83  237  190  225  169  155  6  99  23  139  131  62  32  31  114  125  107  231  107  243  126  211  203  103  117  84  86  131  103  29  204  169  248  122  121  17  131  109  98 

Vetor POS ordenado:
 255  254  254  251  248  244  244  243  242  241  239  239  238  237  232  232  231  231  230  227  226  225  225  224  224  220  219  214  211  208  206  205  204  203  202  199  198  198  195  191  190  185  185  185  182  180  178  177  171  169  169  169  168  168  167  165  165  161  160  160  160  158  158  156  155  154  153  148  141  141  140  139  139  137  135  131  131  131  129  126  126  125  125  124  122  122  122  122  121  120  117  117  114  113  109  107  107  107  106  105  104  103  103  103  101  100  100  100  99  99  98  94  92  92  89  86  84  84  83  79  79  79  78  78  76  72  71  70  68  66  64  63  62  62  57  57  54  53  50  49  48  45  45  39  38  37  35  32  32  32  31  29  27  26  24  23  23  17  15  15  12  12  8  6  4 
/nO barbeiro: 1, cortou o cabelo do cliente: 6! E levou 0.00072499999077990651s para cortar!

Vetor PRE ordenado: 
 158  169  92  90  197  248  4  1  128  114  89  27  26  240  233  52  88  149  38  93  15  94  46  174  12  219  215  89  137  126  124  34  160  81  244  95  68  113  89  61  220  43  81  111  149  180  156  102  67  60  188  203  147  228  115  24  57  68  233  187  187  96  214  213  42  68  46  230  174  1  157  4  37  231  109  51  21  130  147  209  55  73  150  195  166  130  213  216  191  184  142  243  145  221  194  53  28  106  21  67  227  171  65  129  13  39  174  154  34  59  228  83  252  243  143  157  111  221  111  167  16  118  149  154  78  208  72  226  179  214  158  144  250  88  12  128  120  51  21  20  103  114  96  220  96  232  115  200  192  92  106  73  75  120  92  18  193  158  237  111  110  6  120  98  87 

Vetor POS ordenado:
 252  250  248  244  243  243  240  237  233  233  232  231  230  228  228  227  226  221  221  220  220  219  216  215  214  214  213  213  209  208  203  200  197  195  194  193  192  191  188  187  187  184  180  179  174  174  174  171  169  167  166  160  158  158  158  157  157  156  154  154  150  149  149  149  147  147  145  144  143  142  137  130  130  129  128  128  126  124  120  120  120  118  115  115  114  114  113  111  111  111  111  110  109  106  106  103  102  98  96  96  96  95  94  93  92  92  92  90  89  89  89  88  88  87  83  81  81  78  75  73  73  72  68  68  68  67  67  65  61  60  59  57  55  53  52  51  51  46  46  43  42  39  38  37  34  34  28  27  26  24  21  21  21  20  18  16  15  13  12  12  6  4  4  1  1 
/nO barbeiro: 2, cortou o cabelo do cliente: 18! E levou 0.00026699999580159783s para cortar!

Vetor PRE ordenado: 
 170  181  104  102  209  5  16  13  140  126  101  39  38  252  245  64  100  161  50  105  27  106  58  186  24  231  227  101  149  138  136  46  172  93  1  107  80  125  101  73  232  55  93  123  161  192  168  114  79  72  200  215  159  240  127  36  69  80  245  199  199  108  226  225  54  80  58  242  186  13  169  16  49  243  121  63  33  142  159  221  67  85  162  207  178  142  225  228  203  196  154  255  157  233  206  65  40  118  33  79  239  183  77  141  25  51  186  166  46  71  240  95  9  255  155  169  123  233  123  179  28  130  161  166  90  220  84  238  191  226  170  156  7  100  24  140  132  63  33  32  115  126  108  232  108  244  127  212  204  104  118  85  87  132  104  30  205  170  249  123  122  18  132  110  99 

Vetor POS ordenado:
 255  255  252  249  245  245  244  243  242  240  240  239  238  233  233  232  232  231  228  227  226  226  225  225  221  220  215  212  209  207  206  205  204  203  200  199  199  196  192  191  186  186  186  183  181  179  178  172  170  170  170  169  169  168  166  166  162  161  161  161  159  159  157  156  155  154  149  142  142  141  140  140  138  136  132  132  132  130  127  127  126  126  125  123  123  123  123  122  121  118  118  115  114  110  108  108  108  107  106  105  104  104  104  102  101  101  101  100  100  99  95  93  93  90  87  85  85  84  80  80  80  79  79  77  73  72  71  69  67  65  64  63  63  58  58  55  54  51  50  49  46  46  40  39  38  36  33  33  33  32  30  28  27  25  24  24  18  16  16  13  13  9  7  5  1 
salao fechou
KKKKKKKKKKKKK
xxxxxxxxxxxxxxxxxxxxxxxxx
